filename acc der adv_acc adv_der nsr aer
4992-41806-0016_8230-279154-0023 0.9704949238578681 0.04590818363273453 0.7052664974619289 0.46357285429141715 0.016262073069810867 0.6657724976539612
5105-28233-0005_4446-2275-0013 0.97585601404741 0.042801556420233464 0.62071992976295 0.6723735408560312 0.027056049555540085 0.7545766830444336
1221-135766-0013_1284-1181-0013 0.9751184834123223 0.04144736842105263 0.6248025276461295 0.6131578947368421 0.01557101123034954 0.7034058570861816
61-70970-0028_2300-131720-0013 0.9798416126709864 0.02938090241343127 0.6918646508279338 0.4459601259181532 0.022296691313385963 0.9684947729110718
3729-6852-0020_7176-92135-0016 0.987887963663891 0.01620253164556962 0.7891748675246025 0.25772151898734175 0.020609237253665924 0.8392174243927002
2094-142345-0035_4507-16021-0022 0.9943548387096774 0.00880503144654088 0.8798387096774194 0.18742138364779873 0.018656006082892418 0.8886485695838928
5639-40744-0020_7021-79740-0001 0.975050916496945 0.03409881697981907 0.7958248472505092 0.27905358385525403 0.02122378721833229 0.8711355328559875
4446-2273-0023_6829-68769-0002 0.9811475409836066 0.02843016069221261 0.8557377049180328 0.21755253399258342 0.020531976595520973 0.6180485486984253
1284-1180-0026_1580-141084-0009 0.991556091676719 0.011844331641285956 0.7599517490952955 0.32741116751269034 0.02050606720149517 0.6932113170623779
5683-32866-0006_8463-294828-0027 0.9816053511705686 0.0242024202420242 0.8979933110367893 0.1342134213421342 0.020585939288139343 0.7614516019821167
260-123286-0028_5683-32866-0014 0.9886058981233244 0.01717171717171717 0.7607238605898123 0.3565656565656566 0.019373521208763123 0.8850615620613098
2961-961-0005_1995-1837-0026 0.9796044499381953 0.030499075785582256 0.7274412855377008 0.4048059149722736 0.019307298585772514 0.8674882054328918
5105-28241-0006_8463-294828-0019 0.9701986754966887 0.042293233082706765 0.7807947019867549 0.31109022556390975 0.016264401376247406 0.6580838561058044
1320-122612-0015_6829-68771-0018 0.9804502369668247 0.024300441826215022 0.8524881516587678 0.18335787923416788 0.016415201127529144 0.8010448813438416
7127-75947-0029_6829-68769-0036 0.9828828828828828 0.020948180815876516 0.9072072072072072 0.11356119073869901 0.016904141753911972 0.7004826664924622
4446-2275-0006_1284-134647-0002 0.9745201853077432 0.043849658314350795 0.6522170747849106 0.5933940774487472 0.020564455538988113 0.751297116279602
8224-274381-0010_5105-28240-0000 0.9724669603524229 0.04312823461759632 0.6897944199706314 0.48591144335825187 0.016035111621022224 0.8162923455238342
2830-3980-0037_4970-29095-0020 0.9769417475728155 0.035781544256120526 0.7354368932038835 0.4105461393596987 0.026046255603432655 1.0257564783096313
6829-68769-0015_1580-141084-0011 0.9723926380368099 0.03574975173783516 0.8941717791411042 0.13406156901688182 0.015438232570886612 0.4959833323955536
4970-29093-0022_6829-68771-0024 0.9767628205128205 0.027645376549094377 0.9086538461538461 0.10867492850333652 0.017914703115820885 0.8300070762634277
1089-134686-0002_7729-102255-0037 0.9868421052631579 0.018125 0.7999092558983666 0.275625 0.013373963534832 0.7335955500602722
237-126133-0019_5639-40744-0024 0.9773755656108597 0.027155465037338764 0.8455882352941176 0.17922606924643583 0.015853339806199074 0.6285337805747986
2094-142345-0012_4446-2275-0026 0.9854218362282878 0.022291342664593053 0.640818858560794 0.5857957490927942 0.01595539227128029 0.7803568840026855
1089-134686-0007_1995-1836-0000 0.9905027932960894 0.014705882352941176 0.9435754189944134 0.08737024221453288 0.014443427324295044 0.5104148387908936
4992-23283-0004_1580-141083-0003 0.9751861042183623 0.03076923076923077 0.8684863523573201 0.16307692307692306 0.014558553695678711 0.68071448802948
237-126133-0010_6829-68769-0003 0.9711538461538461 0.03817603393425239 0.8501602564102564 0.19830328738069988 0.018616091459989548 0.6535692811012268
2830-3980-0018_5105-28233-0003 0.9760297096556381 0.04401735895846249 0.587440918298447 0.7575945443273404 0.021768346428871155 0.7517430186271667
3729-6852-0025_7176-88083-0014 0.9828693790149893 0.02631578947368421 0.8586723768736617 0.21710526315789475 0.020280253142118454 0.731717586517334
1221-135767-0010_1995-1837-0021 0.9939024390243902 0.00945179584120983 0.7731707317073171 0.33081285444234404 0.01856819912791252 0.5758610963821411
5142-36377-0004_61-70968-0055 0.9735401459854015 0.03399765533411489 0.885036496350365 0.10433763188745604 0.014766944572329521 0.5131237506866455
6930-81414-0003_2830-3980-0012 0.9883040935672515 0.015151515151515152 0.9327485380116959 0.08712121212121213 0.016341062262654305 0.6135753989219666
121-121726-0000_3570-5694-0022 0.9739952718676123 0.03859649122807018 0.7659574468085106 0.34649122807017546 0.02064771205186844 0.634802520275116
3575-170457-0022_2094-142345-0045 0.9742268041237113 0.04207573632538569 0.7422680412371134 0.42075736325385693 0.018594985827803612 0.7694889903068542
2830-3980-0065_1320-122612-0011 0.9828341855368883 0.024841437632135307 0.7476260043827612 0.3594080338266385 0.023545008152723312 0.8329174518585205
1320-122617-0008_1221-135767-0021 0.9732704402515723 0.043256997455470736 0.6906446540880503 0.49745547073791346 0.01819014362990856 0.5874257683753967
2830-3980-0000_3575-170457-0028 0.9773960216998192 0.03308270676691729 0.7703435804701627 0.3819548872180451 0.01953909918665886 0.8567856550216675
61-70968-0060_3575-170457-0037 0.9904929577464788 0.017894012388162423 0.5732394366197183 0.8306951135581555 0.017533959820866585 0.7688575983047485
672-122797-0070_3570-5695-0006 0.9785809906291834 0.02459016393442623 0.9196787148594378 0.09836065573770492 0.020125344395637512 0.9199626445770264
61-70970-0039_5105-28233-0001 0.9714714714714715 0.036290322580645164 0.9557057057057057 0.059475806451612906 0.022271279245615005 0.3792797923088074
6930-76324-0025_4970-29095-0038 0.9811212814645309 0.0283363802559415 0.7070938215102975 0.4680073126142596 0.02340564876794815 0.8183218240737915
672-122797-0018_8230-279154-0041 0.9789156626506024 0.03394396551724138 0.6720214190093708 0.5145474137931034 0.02141806297004223 0.6832737922668457
1089-134686-0023_6829-68771-0020 0.9837980406932931 0.02577937649880096 0.6563677467972872 0.5467625899280576 0.024910876527428627 0.9135900735855103
4446-2273-0025_1284-1181-0010 0.9743390357698289 0.030693069306930693 0.8973561430793157 0.12871287128712872 0.012950736097991467 0.5466435551643372
7176-88083-0017_4446-2271-0004 0.9758534554537885 0.03924221921515562 0.6598667776852623 0.5527740189445196 0.026510868221521378 0.8391164541244507
121-127105-0005_4507-16021-0046 0.9802405498281787 0.024572649572649572 0.9664948453608248 0.041666666666666664 0.014833962544798851 0.6791256070137024
2830-3980-0047_3729-6852-0022 0.9795427196149218 0.02426837972876517 0.907942238267148 0.10920770877944326 0.02151893451809883 0.7636904120445251
2300-131720-0007_8224-274384-0007 0.9802827380952381 0.031660692951015534 0.6417410714285714 0.5752688172043011 0.0208454392850399 1.0465642213821411
4992-23283-0011_2830-3980-0005 0.9875968992248062 0.016931216931216932 0.7728682170542636 0.3100529100529101 0.016761841252446175 0.866493284702301
1089-134686-0011_1320-122612-0004 0.9847266881028939 0.022183304144775248 0.7520096463022508 0.3508464681844717 0.019410008564591408 0.9069233536720276
6829-68771-0004_2961-961-0000 0.9922985781990521 0.011514614703277236 0.7624407582938388 0.35518157661647476 0.017034178599715233 0.6849949359893799
1580-141083-0041_3729-6852-0028 0.9752851711026616 0.03616133518776078 0.844106463878327 0.22809457579972184 0.01761428266763687 0.6568139791488647
4992-41806-0007_7176-88083-0013 0.9776666666666667 0.026886035313001606 0.8596666666666667 0.1689406099518459 0.014362157322466373 0.7743461728096008
7021-85628-0022_2300-131720-0009 0.9708333333333333 0.04066811909949165 0.8015625 0.2766884531590414 0.02480994164943695 1.0447481870651245
237-134500-0011_7176-92135-0000 0.9871883656509696 0.02171361502347418 0.5945290858725761 0.6789906103286385 0.021937137469649315 0.7983925938606262
4077-13754-0014_8555-284449-0006 0.9758432087511395 0.038941954445260836 0.6417502278942571 0.5510653930933137 0.018890956416726112 0.7045397758483887
3729-6852-0023_1089-134686-0032 0.9773838630806846 0.025974025974025976 0.7396088019559902 0.3942486085343228 0.021845711395144463 1.1797608137130737
1580-141084-0031_61-70970-0023 0.9938176197836167 0.008879023307436182 0.8168469860896446 0.23085460599334073 0.018592212349176407 0.6097339987754822
1284-134647-0004_8230-279154-0021 0.9785658612626656 0.03033645890788748 0.6917381137957911 0.4351902923331495 0.02410353161394596 0.7481337189674377
4446-2271-0021_7021-79740-0003 0.9738955823293173 0.03296703296703297 0.8343373493975904 0.22664835164835165 0.015206621028482914 0.8963698148727417
237-126133-0004_8230-279154-0035 0.9728476821192052 0.043248945147679324 0.7284768211920529 0.39767932489451474 0.01861991547048092 0.8907682299613953
4446-2275-0012_1284-1180-0029 0.9725913621262459 0.03254437869822485 0.9443521594684385 0.0650887573964497 0.01920449733734131 0.597826361656189
1995-1826-0021_7176-92135-0008 0.9706397896581945 0.044058744993324434 0.7712532865907099 0.32710280373831774 0.016452612355351448 0.6601335406303406
1580-141084-0042_6930-75918-0010 0.9812252964426877 0.028189910979228485 0.8142292490118577 0.27002967359050445 0.029553761705756187 0.6558862328529358
6829-68771-0013_6930-76324-0005 0.9902642559109874 0.012844036697247707 0.952712100139082 0.062385321100917435 0.015538356266915798 0.5142894387245178
672-122797-0032_3570-5696-0005 0.9746543778801844 0.04094292803970223 0.6804915514592934 0.5161290322580645 0.02393110655248165 0.7358502149581909
3729-6852-0013_1284-1180-0001 0.9819354838709677 0.02962962962962963 0.7238709677419355 0.45291005291005293 0.020772717893123627 0.8720064163208008
5142-36377-0006_1995-1837-0022 0.9751619870410367 0.03095558546433378 0.8596112311015118 0.17496635262449528 0.019047865644097328 0.6762754321098328
5683-32879-0004_5105-28240-0022 0.9701159678858162 0.0467877094972067 0.7314897413024085 0.420391061452514 0.0327589251101017 0.7077792882919312
2830-3980-0012_5105-28233-0010 0.9746136865342163 0.04659014179608373 0.6026490066225165 0.7292370020256583 0.027321074157953262 0.759858250617981
4446-2271-0001_1221-135767-0001 0.9854802680565897 0.0212998361551065 0.6999255398361877 0.4068814855270344 0.017434274777770042 0.5912661552429199
6829-68771-0008_7127-75947-0033 0.9706546275395034 0.035515320334261836 0.881489841986456 0.14623955431754876 0.022452298551797867 0.7869336009025574
1089-134691-0017_5142-36586-0004 0.9751924721984602 0.0444104134762634 0.6056458511548332 0.7059724349157733 0.02006646618247032 0.8192211985588074
8230-279154-0016_1580-141083-0030 0.9787735849056604 0.03523884103367267 0.7405660377358491 0.4306969459671104 0.0236491821706295 0.7926618456840515
8463-294828-0009_5142-33396-0025 0.988009592326139 0.015503875968992248 0.907673860911271 0.11937984496124031 0.0182819701731205 0.6877273321151733
2300-131720-0038_6829-68771-0000 0.9759579263711495 0.03663423010875787 0.6867017280240421 0.477389811104751 0.01708776317536831 0.7545571327209473
61-70970-0040_7729-102255-0019 0.9703247480403135 0.04330065359477124 0.7211646136618141 0.4027777777777778 0.0159190371632576 0.7744888663291931
7127-75947-0038_8463-294828-0016 0.9738010657193605 0.0451761102603369 0.6771758436944938 0.5229709035222052 0.017265647649765015 0.5917397737503052
7127-75947-0015_3729-6852-0029 0.9738372093023255 0.03480278422273782 0.8947674418604651 0.139984532095901 0.017983609810471535 0.6973150372505188
6829-68769-0051_4446-2275-0026 0.9735883424408015 0.03598971722365039 0.9672131147540983 0.04627249357326478 0.016363603994250298 0.5635309219360352
6829-68771-0009_2830-3980-0025 0.984744469870328 0.01972386587771203 0.8249427917620137 0.22534516765285997 0.01896357350051403 0.6619488000869751
61-70970-0037_1089-134691-0017 0.974764756201882 0.03808908973531311 0.7078699743370402 0.4409296320206585 0.014394182711839676 0.7269470691680908
6930-76324-0003_3575-170457-0040 0.9840579710144928 0.021715526601520086 0.7427536231884058 0.38545059717698155 0.021596744656562805 0.7084764242172241
6829-68771-0015_908-157963-0029 0.9767699115044248 0.028985507246376812 0.8584070796460177 0.1855072463768116 0.021079741418361664 0.912399411201477
5683-32866-0018_1089-134686-0002 0.9901812688821753 0.012322274881516588 0.8806646525679759 0.14976303317535544 0.018303677439689636 0.7983813881874084
3729-6852-0025_1284-134647-0004 0.9898674980514419 0.018439716312056736 0.6317225253312548 0.6680851063829787 0.02694166637957096 0.8158904910087585
5142-33396-0028_7729-102255-0024 0.9780058651026393 0.03361344537815126 0.7223851417399805 0.43391902215431627 0.01681627333164215 0.7566433548927307
6930-81414-0006_237-134493-0006 0.9727941176470588 0.028517110266159697 0.9110294117647059 0.1112167300380228 0.022290537133812904 0.6207836270332336
1284-1180-0021_8455-210777-0062 0.9761178861788617 0.041264266900790166 0.6341463414634146 0.6321334503950834 0.023036183789372444 0.7930034399032593
4446-2271-0012_1580-141083-0012 0.9865439093484419 0.01958762886597938 0.7677053824362606 0.33814432989690724 0.016797609627246857 0.6713309288024902
6829-68769-0027_1221-135766-0009 0.9955839057899902 0.007462686567164179 0.7114818449460255 0.48756218905472637 0.019947990775108337 0.5887168049812317
3570-5694-0015_8463-294828-0028 0.9922894424673784 0.008524590163934427 0.9418742586002372 0.06426229508196721 0.017602864652872086 0.8010706305503845
4446-2273-0008_260-123440-0009 0.9902723735408561 0.014300306435137897 0.8670557717250325 0.2093973442288049 0.029209723696112633 0.7181491255760193
1580-141084-0010_3570-5696-0002 0.9866844207723036 0.01839926402943882 0.7536617842876165 0.3155473781048758 0.014210699126124382 0.6517173647880554
5683-32879-0004_6930-81414-0013 0.9933095450490633 0.008782201405152224 0.8033006244424621 0.25117096018735363 0.03284357488155365 0.9187519550323486
4992-41806-0013_4970-29095-0027 0.975485188968335 0.03358992302309307 0.8094994892747702 0.24842547235829252 0.0247763954102993 0.8057808876037598
6829-68769-0031_260-123440-0014 0.9711711711711711 0.03125 0.8045045045045045 0.2608173076923077 0.01979205757379532 0.7774754166603088
4507-16021-0002_4077-13751-0001 0.9805491990846682 0.03383084577114428 0.6258581235697941 0.6507462686567164 0.023151710629463196 0.8227983117103577
1188-133604-0005_1580-141083-0020 0.9737149532710281 0.04032258064516129 0.772196261682243 0.3467741935483871 0.019271748140454292 0.6741452217102051
2961-960-0005_6829-68771-0003 0.9797101449275363 0.03286384976525822 0.9347826086956522 0.1056338028169014 0.021248282864689827 0.655815601348877
4507-16021-0011_1320-122612-0016 0.9723707664884136 0.03841229193341869 0.7967914438502673 0.2919334186939821 0.017198070883750916 0.842443585395813