filename label res score adv_res adv_score nsr aer
id10270~x6uYqmx31kE~00002;id10307~kp_GCjLq4qA~00004 0 0 0.34269505739212036 0 0.3425728380680084 0.006339922081679106 0.4614041745662689
id10270~5r0dWxy17C8~00005;id10295~nt7dNRvlEHE~00004 0 0 0.058817148208618164 0 0.06626192480325699 0.004720325581729412 0.3662625253200531
id10270~5r0dWxy17C8~00013;id10278~fvX1Vtx3sNo~00004 0 0 0.12610837817192078 0 0.1335543990135193 0.006589903961867094 0.5482171177864075
id10270~5r0dWxy17C8~00021;id10283~oGZsanLiXsY~00002 0 0 0.02033938281238079 0 0.023458531126379967 0.00450754351913929 0.4245847761631012
id10270~5r0dWxy17C8~00022;id10270~x6uYqmx31kE~00005 1 1 0.6612853407859802 1 0.6432738900184631 0.009530046954751015 0.5913490653038025
id10270~5r0dWxy17C8~00026;id10270~x6uYqmx31kE~00004 1 1 0.7562294006347656 0 0.45077285170555115 0.010277734138071537 0.645603597164154
id10270~8jEAjG6SegY~00006;id10284~YN4cTBWM-QE~00002 0 0 0.22324775159358978 0 0.19370412826538086 0.004758382681757212 0.3753669857978821
id10270~8jEAjG6SegY~00007;id10270~x6uYqmx31kE~00005 1 1 0.8472771048545837 1 0.7645992636680603 0.009530046954751015 0.5913490653038025
id10270~8jEAjG6SegY~00020;id10301~vhzF7dhGJzI~00003 0 0 0.25125569105148315 0 0.24087955057621002 0.008534856140613556 0.3092808127403259
id10270~8jEAjG6SegY~00026;id10270~x6uYqmx31kE~00004 1 1 0.8481903076171875 1 0.5239295363426208 0.010277734138071537 0.645603597164154
id10270~8jEAjG6SegY~00029;id10271~gO805KoL2RM~00004 0 0 0.14471493661403656 0 0.25655117630958557 0.006754336878657341 0.4475071430206299
id10270~8jEAjG6SegY~00032;id10270~x6uYqmx31kE~00005 1 1 0.8060178160667419 1 0.7371341586112976 0.009530046954751015 0.5913490653038025
id10270~8jEAjG6SegY~00033;id10307~kp_GCjLq4qA~00003 0 0 0.29869624972343445 0 0.3580417335033417 0.006050433963537216 0.6275875568389893
id10270~8jEAjG6SegY~00036;id10292~0H91VC07Q3s~00002 0 0 0.2982024550437927 0 0.25159749388694763 0.0033572902902960777 0.5077022910118103
id10270~GWXujl-xAVM~00001;id10301~vhzF7dhGJzI~00003 0 0 0.25925102829933167 0 0.23506389558315277 0.008534856140613556 0.3092808127403259
id10270~GWXujl-xAVM~00005;id10301~vhzF7dhGJzI~00003 0 0 0.2180914282798767 0 0.20345009863376617 0.008534856140613556 0.3092808127403259
id10270~GWXujl-xAVM~00006;id10284~YN4cTBWM-QE~00001 0 0 0.22202259302139282 0 0.25202682614326477 0.006075452081859112 0.4665125012397766
id10270~GWXujl-xAVM~00010;id10295~nt7dNRvlEHE~00002 0 0 0.08649202436208725 0 0.12503933906555176 0.005774915684014559 0.5291802883148193
id10270~GWXujl-xAVM~00011;id10283~oGZsanLiXsY~00002 0 0 0.0704001858830452 0 0.07991135865449905 0.00450754351913929 0.4245847761631012
id10270~GWXujl-xAVM~00017;id10295~nt7dNRvlEHE~00004 0 0 0.05941273272037506 0 0.07318773120641708 0.004720325581729412 0.3662625253200531
id10270~GWXujl-xAVM~00020;id10270~x6uYqmx31kE~00005 1 1 0.6397097110748291 1 0.5408337712287903 0.009530046954751015 0.5913490653038025
id10270~GWXujl-xAVM~00052;id10270~x6uYqmx31kE~00004 1 1 0.5664877891540527 0 0.36865779757499695 0.010277734138071537 0.645603597164154
id10270~GWXujl-xAVM~00055;id10270~x6uYqmx31kE~00004 1 1 0.6113311052322388 0 0.3509973883628845 0.010277734138071537 0.645603597164154
id10270~zjwijMp0Qyw~00003;id10275~QjrBKqx_Xeo~00001 0 0 0.11529718339443207 0 0.10241671651601791 0.008686806075274944 0.44111230969429016
id10271~gO805KoL2RM~00001;id10271~gO805KoL2RM~00004 1 1 0.7315659523010254 0 0.43516480922698975 0.006754336878657341 0.4475071430206299
id10271~gO805KoL2RM~00002;id10291~oLJhH76d0kU~00005 0 0 0.1449512541294098 0 0.13878485560417175 0.003953719511628151 0.21461358666419983
id10271~gO805KoL2RM~00004;id10277~SeXsHJ3fW1c~00005 0 0 0.3226407468318939 0 0.3377794325351715 0.016256894916296005 0.6754536628723145
id10271~1gtz-CUIygI~00001;id10271~gO805KoL2RM~00001 1 1 0.7449718713760376 1 0.6317126154899597 0.005502207670360804 0.45591485500335693
id10271~1gtz-CUIygI~00005;id10271~gO805KoL2RM~00002 1 1 0.48763519525527954 0 0.417982816696167 0.005965789780020714 0.4494072198867798
id10271~1gtz-CUIygI~00006;id10271~gO805KoL2RM~00001 1 1 0.6622999310493469 0 0.40821436047554016 0.005502207670360804 0.45591485500335693
id10271~1gtz-CUIygI~00009;id10273~MqKFZOAwUsg~00003 0 0 0.28328147530555725 0 0.3888150453567505 0.0075013041496276855 0.6700572967529297
id10271~1gtz-CUIygI~00013;id10271~gO805KoL2RM~00004 1 1 0.6972865462303162 0 0.33200234174728394 0.006754336878657341 0.4475071430206299
id10271~1gtz-CUIygI~00014;id10271~gO805KoL2RM~00005 1 1 0.6740656495094299 1 0.49297770857810974 0.0051475511863827705 0.4638161063194275
id10271~1gtz-CUIygI~00016;id10271~gO805KoL2RM~00005 1 1 0.7080631256103516 1 0.5708075165748596 0.0051475511863827705 0.4638161063194275
id10271~1gtz-CUIygI~00016;id10272~0qqQJVFKpbA~00003 0 0 0.3482821583747864 0 0.35128235816955566 0.002589845797047019 0.1094779372215271
id10271~1gtz-CUIygI~00018;id10271~gO805KoL2RM~00004 1 1 0.650743305683136 0 0.3032430410385132 0.006754336878657341 0.4475071430206299
id10271~37nktPRUJ58~00001;id10271~gO805KoL2RM~00001 1 1 0.7021521329879761 1 0.7345290780067444 0.005502207670360804 0.45591485500335693
id10271~37nktPRUJ58~00003;id10271~gO805KoL2RM~00001 1 1 0.5539878606796265 0 0.38364559412002563 0.005502207670360804 0.45591485500335693
id10271~EOQXxK1whgU~00001;id10271~gO805KoL2RM~00004 1 1 0.6871626973152161 0 0.4495772123336792 0.006754336878657341 0.4475071430206299
id10271~LjLjQkfhd2o~00008;id10271~gO805KoL2RM~00004 1 1 0.5715343952178955 0 0.23800358176231384 0.006754336878657341 0.4475071430206299
id10271~PMWQqW_ia58~00001;id10271~gO805KoL2RM~00001 1 1 0.5074917674064636 1 0.7079877853393555 0.005502207670360804 0.45591485500335693
id10271~PfcJLmkhGbk~00002;id10271~gO805KoL2RM~00002 1 1 0.7053360342979431 1 0.5710782408714294 0.005965789780020714 0.4494072198867798
id10271~PfcJLmkhGbk~00003;id10271~gO805KoL2RM~00001 1 1 0.6197630167007446 0 0.34698933362960815 0.005502207670360804 0.45591485500335693
id10271~zWyD72sHVwA~00003;id10271~gO805KoL2RM~00001 1 1 0.7292824983596802 1 0.5502082109451294 0.005502207670360804 0.45591485500335693
id10271~zWyD72sHVwA~00006;id10271~gO805KoL2RM~00004 1 1 0.7758032083511353 1 0.637658417224884 0.006754336878657341 0.4475071430206299
id10271~_YimahVgI1A~00001;id10303~LKDWhdJQFco~00001 0 0 0.16394563019275665 0 0.1734555959701538 0.009849506430327892 0.6254985928535461
id10272~dkN2DIBrXqQ~00006;id10272~0qqQJVFKpbA~00003 1 1 0.7260491847991943 1 0.7197944521903992 0.002589845797047019 0.1094779372215271
id10272~dkN2DIBrXqQ~00008;id10294~a4msZPEjhMc~00003 0 0 0.21889495849609375 0 0.17671550810337067 0.004113826900720596 0.6065104007720947
id10272~olePnztkm6U~00010;id10272~0qqQJVFKpbA~00003 1 1 0.6890527606010437 1 0.6944319605827332 0.002589845797047019 0.1094779372215271
id10272~wb6ligRbbZ4~00005;id10279~IvOQNamNtF4~00003 0 0 0.05897827446460724 0 0.06809279322624207 0.013337955810129642 0.40961501002311707
id10272~wb6ligRbbZ4~00008;id10272~0qqQJVFKpbA~00003 1 1 0.6082450151443481 1 0.6055519580841064 0.002589845797047019 0.1094779372215271
id10272~wb6ligRbbZ4~00008;id10306~WOjNZFtRwDg~00004 0 0 0.1762433648109436 0 0.17770862579345703 0.0020996504463255405 0.23248714208602905
id10273~8cfyJEV7hP8~00019;id10300~85wn4sW4CgQ~00002 0 0 0.13671523332595825 0 0.11098217964172363 0.0035782745108008385 0.5780231952667236
id10273~8cfyJEV7hP8~00020;id10285~d-ZEojJk-rs~00005 0 0 0.03294821456074715 0 0.04038575664162636 0.0060737826861441135 0.4775371551513672
id10273~8fKRoUIpAJY~00004;id10271~gO805KoL2RM~00004 0 0 0.2337169647216797 0 0.07091332972049713 0.006754336878657341 0.4475071430206299
id10273~E50E5hbggyM~00004;id10277~SeXsHJ3fW1c~00005 0 0 0.18045303225517273 0 0.0511041022837162 0.016256894916296005 0.6754536628723145
id10273~E50E5hbggyM~00005;id10286~PlJd6NVoigs~00001 0 0 0.1435859501361847 0 0.14824813604354858 0.013874474912881851 0.5229415893554688
id10273~GRB1GXRafiY~00003;id10273~MqKFZOAwUsg~00003 1 1 0.8032907247543335 1 0.6587239503860474 0.0075013041496276855 0.6700572967529297
id10273~OYi3rZSdAOE~00001;id10274~wH6ebv-K8AA~00004 0 0 0.3403014838695526 0 0.40128248929977417 0.00596647011116147 0.3344367742538452
id10273~ZpPPaMazpf0~00003;id10278~fvX1Vtx3sNo~00003 0 0 0.09550866484642029 0 0.29242321848869324 0.006010623183101416 0.602029025554657
id10273~ZpPPaMazpf0~00007;id10303~LKDWhdJQFco~00001 0 0 0.05834232270717621 0 0.06624555587768555 0.009849506430327892 0.6254985928535461
id10273~eLl_yTeuaKo~00019;id10292~0H91VC07Q3s~00001 0 0 0.2386913001537323 0 0.34689056873321533 0.0032724598422646523 0.442403107881546
id10273~gHPh9j7lc58~00004;id10280~PQBBKBYGWgU~00002 0 0 0.12070203572511673 0 0.14202779531478882 0.015507670119404793 0.5906372666358948
id10273~gHPh9j7lc58~00009;id10292~0H91VC07Q3s~00001 0 0 0.16400578618049622 0 0.2719702124595642 0.0032724598422646523 0.442403107881546
id10273~xN2fSTQHHkw~00003;id10274~wH6ebv-K8AA~00004 0 0 0.21068072319030762 1 0.5097824335098267 0.00596647011116147 0.3344367742538452
id10273~xN2fSTQHHkw~00004;id10277~SeXsHJ3fW1c~00005 0 0 0.27100253105163574 0 0.21315406262874603 0.016256894916296005 0.6754536628723145
id10274~7rkVfW2yw0c~00002;id10274~wH6ebv-K8AA~00004 1 1 0.8177496194839478 1 0.657782256603241 0.00596647011116147 0.3344367742538452
id10274~89UnsytX6Y8~00002;id10274~wH6ebv-K8AA~00004 1 1 0.7157416343688965 1 0.568359375 0.00596647011116147 0.3344367742538452
id10274~89UnsytX6Y8~00003;id10299~x3QoGpHxThw~00005 0 0 0.05126902461051941 0 0.04326630011200905 0.0035691591911017895 0.372126966714859
id10274~89UnsytX6Y8~00004;id10274~wH6ebv-K8AA~00004 1 1 0.6970711350440979 1 0.5389763116836548 0.00596647011116147 0.3344367742538452
id10274~89UnsytX6Y8~00007;id10295~nt7dNRvlEHE~00004 0 1 0.4948074519634247 1 0.5426476001739502 0.004720325581729412 0.3662625253200531
id10274~89UnsytX6Y8~00009;id10296~f_k09R8r_cA~00002 0 1 0.5060824751853943 0 0.2998409569263458 0.009916969574987888 0.6445034742355347
id10274~L9q6XabEpEI~00001;id10303~LKDWhdJQFco~00003 0 0 0.13215705752372742 0 0.0855928584933281 0.005360748618841171 0.6074262857437134
id10274~L9q6XabEpEI~00002;id10285~d-ZEojJk-rs~00003 0 0 0.029773738235235214 0 0.03379001468420029 0.007406051270663738 0.6275798082351685
id10274~L9q6XabEpEI~00002;id10274~wH6ebv-K8AA~00004 1 1 0.8596570491790771 1 0.6323980093002319 0.00596647011116147 0.3344367742538452
id10274~L9q6XabEpEI~00006;id10294~a4msZPEjhMc~00002 0 0 0.16904033720493317 0 0.22993576526641846 0.0040231430903077126 0.5461851358413696
id10274~s7vZT3_8Smo~00009;id10274~wH6ebv-K8AA~00004 1 1 0.7135697603225708 1 0.561517596244812 0.00596647011116147 0.3344367742538452
id10274~O9xLIdaUG-k~00003;id10274~wH6ebv-K8AA~00004 1 1 0.7412407398223877 1 0.6273877620697021 0.00596647011116147 0.3344367742538452
id10274~O9xLIdaUG-k~00003;id10305~t0EX2dOBQjw~00001 0 0 0.26011255383491516 0 0.27663516998291016 0.002980746328830719 0.1853853315114975
id10274~O9xLIdaUG-k~00005;id10305~t0EX2dOBQjw~00001 0 0 0.2878023386001587 0 0.31731677055358887 0.002980746328830719 0.1853853315114975
id10275~HK20g60KlTI~00002;id10274~wH6ebv-K8AA~00004 0 0 0.315395325422287 0 0.23984049260616302 0.00596647011116147 0.3344367742538452
id10275~JbpXWB1V8cA~00001;id10274~wH6ebv-K8AA~00004 0 0 0.4690428376197815 0 0.30514514446258545 0.00596647011116147 0.3344367742538452
id10275~LqcUAxrtYOk~00001;id10304~GRv7pEnTwUc~00003 0 0 0.3576681613922119 0 0.3718973696231842 0.00825136061757803 0.3604496419429779
id10275~Mdk1SXywHck~00007;id10277~SeXsHJ3fW1c~00005 0 0 0.33289921283721924 1 0.5314218997955322 0.016256894916296005 0.6754536628723145
id10275~Mdk1SXywHck~00011;id10306~WOjNZFtRwDg~00003 0 0 0.09390373528003693 0 0.07345204800367355 0.003556206589564681 0.29594865441322327
id10275~UBMwbGlSLLg~00001;id10275~QjrBKqx_Xeo~00001 1 1 0.7986202836036682 1 0.6556175351142883 0.008686806075274944 0.44111230969429016
id10275~vAr7raTthpw~00002;id10275~QjrBKqx_Xeo~00001 1 1 0.7908800840377808 1 0.6062543988227844 0.008686806075274944 0.44111230969429016
id10275~vAr7raTthpw~00003;id10305~t0EX2dOBQjw~00003 0 0 0.34169304370880127 0 0.37824687361717224 0.003143865615129471 0.2373984307050705
id10276~3vWez3baO60~00001;id10276~aaJo0S1lnhY~00003 1 1 0.7420771718025208 1 0.6753356456756592 0.010064219124615192 0.6015648245811462
id10276~5WOZXLMujwY~00001;id10284~YN4cTBWM-QE~00001 0 0 0.22349821031093597 0 0.24602177739143372 0.006075452081859112 0.4665125012397766
id10276~5WOZXLMujwY~00003;id10276~aaJo0S1lnhY~00003 1 1 0.8849794864654541 1 0.6241459846496582 0.010064219124615192 0.6015648245811462
id10276~5YncBThNd5E~00002;id10295~nt7dNRvlEHE~00002 0 0 0.13430452346801758 0 0.18500109016895294 0.005774915684014559 0.5291802883148193
id10276~5YncBThNd5E~00026;id10286~PlJd6NVoigs~00003 0 0 0.029389597475528717 0 0.033411674201488495 0.023316161707043648 0.6866599917411804
id10276~AeZoMAJ4Ejs~00002;id10276~aaJo0S1lnhY~00005 1 1 0.749437153339386 1 0.667788028717041 0.007628321647644043 0.40279141068458557
id10276~AeZoMAJ4Ejs~00006;id10284~YN4cTBWM-QE~00005 0 0 0.09636883437633514 0 0.10811775177717209 0.006780238822102547 0.46341472864151
id10276~AeZoMAJ4Ejs~00011;id10276~aaJo0S1lnhY~00005 1 1 0.8361992835998535 1 0.7482709884643555 0.007628321647644043 0.40279141068458557
id10276~AeZoMAJ4Ejs~00016;id10295~nt7dNRvlEHE~00002 0 0 0.15032140910625458 0 0.09889282286167145 0.005774915684014559 0.5291802883148193
id10276~CooJzMgoxzw~00003;id10276~aaJo0S1lnhY~00004 1 1 0.48785674571990967 1 0.4997950792312622 0.010856674052774906 0.6424878835678101
id10276~FDhJhEu0JUM~00013;id10292~0H91VC07Q3s~00002 0 0 0.26393812894821167 0 0.3700428307056427 0.0033572902902960777 0.5077022910118103
id10276~HrA2BLcLApA~00013;id10270~x6uYqmx31kE~00004 0 0 0.04993979632854462 0 0.01306738331913948 0.010277734138071537 0.645603597164154