filename acc loss adv_acc adv_loss nsr aer
id10270~x6uYqmx31kE~00005 1.0 0.03978538513183594 0.0 3.3188157081604004 0.009530046954751015 0.6247817873954773
id10270~x6uYqmx31kE~00004 1.0 0.00048744716332294047 0.0 6.595371246337891 0.010277734138071537 0.6796190142631531
id10272~0qqQJVFKpbA~00003 1.0 1.3188939094543457 1.0 1.2860502004623413 0.002589845797047019 0.12000100314617157
id10273~MqKFZOAwUsg~00003 1.0 0.0054343827068805695 0.0 1.9113749265670776 0.0075013041496276855 0.7081177830696106
id10274~wH6ebv-K8AA~00004 1.0 0.18651433289051056 0.0 1.381974697113037 0.00596647011116147 0.3759589195251465
id10275~QjrBKqx_Xeo~00001 1.0 0.7298548817634583 0.0 11.024476051330566 0.008686806075274944 0.4866577088832855
id10276~aaJo0S1lnhY~00003 1.0 0.0047608353197574615 0.0 2.6830945014953613 0.010064219124615192 0.6380628943443298
id10276~aaJo0S1lnhY~00005 1.0 0.5518765449523926 0.0 2.8077030181884766 0.007628321647644043 0.4469079375267029
id10276~aaJo0S1lnhY~00004 1.0 0.05910477042198181 0.0 2.990121364593506 0.010856674052774906 0.6801283359527588
id10277~SeXsHJ3fW1c~00003 1.0 0.18218965828418732 1.0 0.2240321785211563 0.013923951424658298 0.6415771842002869
id10277~SeXsHJ3fW1c~00001 1.0 0.30382978916168213 1.0 0.040633682161569595 0.013947692699730396 0.6452136635780334
id10277~SeXsHJ3fW1c~00005 1.0 1.3330494165420532 0.0 7.427643299102783 0.016256894916296005 0.7176831364631653
id10278~fvX1Vtx3sNo~00004 1.0 6.294052582234144e-05 0.0 2.4694929122924805 0.006589903961867094 0.5864705443382263
id10278~fvX1Vtx3sNo~00002 1.0 0.0004312062228564173 0.0 5.413951396942139 0.00541418232023716 0.5696234107017517
id10278~fvX1Vtx3sNo~00003 1.0 3.433168603805825e-05 0.0 5.006812572479248 0.006010623183101416 0.6428421139717102
id10271~gO805KoL2RM~00005 1.0 0.020208539441227913 1.0 0.19134385883808136 0.0051475511863827705 0.5053824186325073
id10271~gO805KoL2RM~00004 1.0 0.033627673983573914 0.0 3.414562702178955 0.006754336878657341 0.48571711778640747
id10271~gO805KoL2RM~00002 1.0 0.0014003242831677198 1.0 0.07991377264261246 0.005965789780020714 0.49379435181617737
id10271~gO805KoL2RM~00001 1.0 0.013437538407742977 1.0 0.5781994462013245 0.005502207670360804 0.4941474497318268
id10279~IvOQNamNtF4~00003 1.0 0.4771578907966614 0.0 1.7021334171295166 0.013337955810129642 0.4644472002983093
id10280~PQBBKBYGWgU~00005 1.0 0.003383271163329482 0.0 2.377492904663086 0.02496655285358429 0.752899169921875
id10280~PQBBKBYGWgU~00003 1.0 0.02383996732532978 0.0 3.116870164871216 0.015419057570397854 0.6364451050758362
id10280~PQBBKBYGWgU~00001 1.0 0.5104721784591675 0.0 2.8728466033935547 0.02620699629187584 0.7310753464698792
id10280~PQBBKBYGWgU~00002 1.0 0.028275351971387863 0.0 1.7911779880523682 0.015507670119404793 0.6254647374153137
id10281~NHARUN9OhSo~00005 1.0 0.2718261778354645 1.0 0.2408812940120697 0.003059015842154622 0.1729785054922104
id10282~zGjY8J48FoE~00001 1.0 0.11166252195835114 0.0 3.0731348991394043 0.004937596153467894 0.42749202251434326
id10282~zGjY8J48FoE~00004 1.0 0.08796732872724533 1.0 0.24773800373077393 0.004639915190637112 0.3733408451080322
id10282~zGjY8J48FoE~00005 1.0 0.00544149661436677 0.0 4.845134258270264 0.00824469979852438 0.5430266857147217
id10283~oGZsanLiXsY~00004 1.0 0.0020071377512067556 1.0 0.0026076382491737604 0.0031557369511574507 0.26893317699432373
id10283~oGZsanLiXsY~00002 1.0 0.0021172980777919292 1.0 0.001702646492049098 0.00450754351913929 0.4376530647277832
id10283~oGZsanLiXsY~00005 1.0 0.0016496871830895543 1.0 0.007551812566816807 0.005197008606046438 0.38815560936927795
id10285~d-ZEojJk-rs~00002 1.0 1.7518607378005981 1.0 1.5880361795425415 0.0069853090681135654 0.6246611475944519
id10285~d-ZEojJk-rs~00005 1.0 0.3246355354785919 0.0 1.5760804414749146 0.0060737826861441135 0.5070545673370361
id10285~d-ZEojJk-rs~00003 1.0 0.8621955513954163 0.0 4.475096225738525 0.007406051270663738 0.6614344120025635
id10284~YN4cTBWM-QE~00005 1.0 0.024358980357646942 1.0 0.020235758274793625 0.006780238822102547 0.4918789267539978
id10284~YN4cTBWM-QE~00002 1.0 0.0068048639222979546 1.0 0.006137452553957701 0.004758382681757212 0.39230406284332275
id10284~YN4cTBWM-QE~00003 1.0 0.002061862498521805 1.0 0.0014188947388902307 0.006584405433386564 0.48501119017601013
id10284~YN4cTBWM-QE~00004 1.0 0.002375164069235325 1.0 0.006878979969769716 0.006302565801888704 0.4593545198440552
id10284~YN4cTBWM-QE~00001 1.0 0.031227238476276398 1.0 0.003825846826657653 0.006075452081859112 0.48859474062919617
id10286~PlJd6NVoigs~00001 1.0 0.0002932118659373373 1.0 0.0027843061834573746 0.013874474912881851 0.5658866167068481
id10286~PlJd6NVoigs~00003 1.0 0.0004673104267567396 0.0 1.9334348440170288 0.023316161707043648 0.7320992350578308
id10286~PlJd6NVoigs~00004 1.0 0.005830542650073767 1.0 0.043345510959625244 0.01844208687543869 0.6659244894981384
id10286~PlJd6NVoigs~00002 1.0 0.0026586444582790136 0.0 5.427607536315918 0.01758912391960621 0.6565245985984802
id10291~oLJhH76d0kU~00005 1.0 0.2917320728302002 1.0 0.22495132684707642 0.003953719511628151 0.23277968168258667
id10292~0H91VC07Q3s~00004 1.0 0.008252568542957306 1.0 0.027237404137849808 0.0031863870099186897 0.507549524307251
id10292~0H91VC07Q3s~00005 1.0 0.001471271039918065 1.0 0.008660731837153435 0.0035837474279105663 0.511535108089447
id10292~0H91VC07Q3s~00001 1.0 0.0017729768296703696 1.0 0.008124517276883125 0.0032724598422646523 0.4812052547931671
id10292~0H91VC07Q3s~00002 1.0 0.006741398945450783 1.0 0.006403760053217411 0.0033572902902960777 0.5405619144439697
id10293~X7uOKQUYTCM~00001 1.0 0.002531896810978651 1.0 0.0001691436773398891 0.0018346603028476238 0.1437133401632309
id10294~a4msZPEjhMc~00002 1.0 7.30726242181845e-05 0.0 0.8227320909500122 0.0040231430903077126 0.586469292640686
id10294~a4msZPEjhMc~00003 1.0 7.712543447269127e-05 1.0 0.18278223276138306 0.004113826900720596 0.6369174718856812
id10295~nt7dNRvlEHE~00004 1.0 0.2504975199699402 1.0 0.9932469129562378 0.004720325581729412 0.38946694135665894
id10295~nt7dNRvlEHE~00002 1.0 0.45010852813720703 0.0 10.883642196655273 0.005774915684014559 0.5641403198242188
id10296~f_k09R8r_cA~00002 1.0 0.003003849647939205 0.0 1.6563096046447754 0.009916969574987888 0.683671772480011
id10297~0mtJFC7OJv4~00004 1.0 0.03399219736456871 0.0 5.844599723815918 0.008850031532347202 0.804568350315094
id10299~x3QoGpHxThw~00005 1.0 0.018712535500526428 1.0 0.3555641770362854 0.0035691591911017895 0.41067439317703247
id10300~85wn4sW4CgQ~00002 1.0 1.3112935448589269e-05 1.0 0.06365831196308136 0.0035782745108008385 0.6161890029907227
id10300~85wn4sW4CgQ~00003 1.0 0.0017838055500760674 1.0 0.7763734459877014 0.006607722025364637 0.8297978639602661
id10301~vhzF7dhGJzI~00003 1.0 0.47355031967163086 1.0 0.5682345628738403 0.008534856140613556 0.33577051758766174
id10303~LKDWhdJQFco~00003 1.0 0.0023279490415006876 1.0 0.014903631992638111 0.005360748618841171 0.6328336596488953
id10303~LKDWhdJQFco~00001 1.0 0.0009104635682888329 1.0 0.21951913833618164 0.009849506430327892 0.6681695580482483
id10304~GRv7pEnTwUc~00003 1.0 0.009635960683226585 1.0 0.012074709869921207 0.00825136061757803 0.38451871275901794
id10305~t0EX2dOBQjw~00001 1.0 1.0967194612021558e-05 1.0 1.1444026313256472e-05 0.002980746328830719 0.20129361748695374
id10305~t0EX2dOBQjw~00003 1.0 0.00014351768186315894 1.0 2.3483953555114567e-05 0.003143865615129471 0.2782231569290161
id10306~WOjNZFtRwDg~00003 1.0 0.0002874914789572358 1.0 0.0013859200989827514 0.003556206589564681 0.34450656175613403
id10306~WOjNZFtRwDg~00001 1.0 0.0005850272136740386 1.0 0.000634111522231251 0.002860927488654852 0.33756351470947266
id10306~WOjNZFtRwDg~00004 1.0 0.482357919216156 0.0 2.0562944412231445 0.0020996504463255405 0.2660139501094818
id10307~kp_GCjLq4qA~00002 1.0 0.0019425348145887256 1.0 0.002275260630995035 0.006463835947215557 0.5526133179664612
id10307~kp_GCjLq4qA~00003 1.0 0.28982529044151306 0.0 1.9313335418701172 0.006050433963537216 0.6471856236457825
id10307~kp_GCjLq4qA~00004 1.0 0.001353063271380961 1.0 0.006706349551677704 0.006339922081679106 0.48274901509284973
id10308~sLv-3TCu2fE~00003 1.0 0.1103203073143959 1.0 0.21234585344791412 0.005922276061028242 0.4689035713672638
id10309~GyJHpVQmcvc~00001 1.0 0.34847891330718994 1.0 1.3077795505523682 0.005826760083436966 0.40953946113586426