filename label res score adv_res adv_score nsr aer
id10270~x6uYqmx31kE~00002;id10307~kp_GCjLq4qA~00004 0 0 0.34269505739212036 0 0.3086121678352356 0.006330622360110283 0.4760434925556183
id10270~5r0dWxy17C8~00005;id10295~nt7dNRvlEHE~00004 0 0 0.058817148208618164 0 0.04065186530351639 0.004713744390755892 0.3695271611213684
id10270~5r0dWxy17C8~00013;id10278~fvX1Vtx3sNo~00004 0 0 0.12610837817192078 0 0.1621820032596588 0.006549232639372349 0.5893206596374512
id10270~5r0dWxy17C8~00021;id10283~oGZsanLiXsY~00002 0 0 0.02033938281238079 0 0.022866664454340935 0.004502356983721256 0.42594075202941895
id10270~5r0dWxy17C8~00022;id10270~x6uYqmx31kE~00005 1 1 0.6612853407859802 1 0.5691727995872498 0.009515303187072277 0.6106739640235901
id10270~5r0dWxy17C8~00026;id10270~x6uYqmx31kE~00004 1 1 0.7562294006347656 0 0.4449380040168762 0.010260592214763165 0.66475909948349
id10270~8jEAjG6SegY~00006;id10284~YN4cTBWM-QE~00002 0 0 0.22324775159358978 0 0.23092058300971985 0.004759843461215496 0.393658846616745
id10270~8jEAjG6SegY~00007;id10270~x6uYqmx31kE~00005 1 1 0.8472771048545837 1 0.6722333431243896 0.009515303187072277 0.6106739640235901
id10270~8jEAjG6SegY~00020;id10301~vhzF7dhGJzI~00003 0 0 0.25125569105148315 0 0.23285579681396484 0.008521725423634052 0.3209509551525116
id10270~8jEAjG6SegY~00026;id10270~x6uYqmx31kE~00004 1 1 0.8481903076171875 0 0.4373398423194885 0.010260592214763165 0.66475909948349
id10270~8jEAjG6SegY~00029;id10271~gO805KoL2RM~00004 0 0 0.14471493661403656 0 0.2616775631904602 0.006745144724845886 0.4575918912887573
id10270~8jEAjG6SegY~00032;id10270~x6uYqmx31kE~00005 1 1 0.8060178160667419 1 0.6988550424575806 0.009515303187072277 0.6106739640235901
id10270~8jEAjG6SegY~00033;id10307~kp_GCjLq4qA~00003 0 0 0.29869624972343445 0 0.3572620153427124 0.006046914495527744 0.6310575008392334
id10270~8jEAjG6SegY~00036;id10292~0H91VC07Q3s~00002 0 0 0.2982024550437927 0 0.3157750964164734 0.0033577000722289085 0.5083340406417847
id10270~GWXujl-xAVM~00001;id10301~vhzF7dhGJzI~00003 0 0 0.25925102829933167 0 0.22231405973434448 0.008521725423634052 0.3209509551525116
id10270~GWXujl-xAVM~00005;id10301~vhzF7dhGJzI~00003 0 0 0.2180914282798767 0 0.19832190871238708 0.008521725423634052 0.3209509551525116
id10270~GWXujl-xAVM~00006;id10284~YN4cTBWM-QE~00001 0 0 0.22202259302139282 0 0.2244190126657486 0.006076016463339329 0.47663259506225586
id10270~GWXujl-xAVM~00010;id10295~nt7dNRvlEHE~00002 0 0 0.08649202436208725 0 0.15540064871311188 0.0057638706639409065 0.5394914746284485
id10270~GWXujl-xAVM~00011;id10283~oGZsanLiXsY~00002 0 0 0.0704001858830452 0 0.08254852145910263 0.004502356983721256 0.42594075202941895
id10270~GWXujl-xAVM~00017;id10295~nt7dNRvlEHE~00004 0 0 0.05941273272037506 0 0.04195661097764969 0.004713744390755892 0.3695271611213684
id10270~GWXujl-xAVM~00020;id10270~x6uYqmx31kE~00005 1 1 0.6397097110748291 1 0.5055457353591919 0.009515303187072277 0.6106739640235901
id10270~GWXujl-xAVM~00052;id10270~x6uYqmx31kE~00004 1 1 0.5664877891540527 0 0.35900551080703735 0.010260592214763165 0.66475909948349
id10270~GWXujl-xAVM~00055;id10270~x6uYqmx31kE~00004 1 1 0.6113311052322388 0 0.3821411430835724 0.010260592214763165 0.66475909948349
id10270~zjwijMp0Qyw~00003;id10275~QjrBKqx_Xeo~00001 0 0 0.11529718339443207 0 0.1038297712802887 0.008674263022840023 0.46681004762649536
id10271~gO805KoL2RM~00001;id10271~gO805KoL2RM~00004 1 1 0.7315659523010254 0 0.4526687264442444 0.006745144724845886 0.4575918912887573
id10271~gO805KoL2RM~00002;id10291~oLJhH76d0kU~00005 0 0 0.1449512541294098 0 0.14903579652309418 0.003951778635382652 0.22579050064086914
id10271~gO805KoL2RM~00004;id10277~SeXsHJ3fW1c~00005 0 0 0.3226407468318939 0 0.2134213000535965 0.01629083789885044 0.678557276725769
id10271~1gtz-CUIygI~00001;id10271~gO805KoL2RM~00001 1 1 0.7449718713760376 1 0.6061751246452332 0.005494011100381613 0.4466482400894165
id10271~1gtz-CUIygI~00005;id10271~gO805KoL2RM~00002 1 1 0.48763519525527954 0 0.4094301164150238 0.005962049122899771 0.4713112711906433
id10271~1gtz-CUIygI~00006;id10271~gO805KoL2RM~00001 1 1 0.6622999310493469 0 0.43775856494903564 0.005494011100381613 0.4466482400894165
id10271~1gtz-CUIygI~00009;id10273~MqKFZOAwUsg~00003 0 0 0.28328147530555725 0 0.33315593004226685 0.007472698111087084 0.6997129917144775
id10271~1gtz-CUIygI~00013;id10271~gO805KoL2RM~00004 1 1 0.6972865462303162 0 0.3521020710468292 0.006745144724845886 0.4575918912887573
id10271~1gtz-CUIygI~00014;id10271~gO805KoL2RM~00005 1 1 0.6740656495094299 1 0.5018842220306396 0.00514045637100935 0.4669855833053589
id10271~1gtz-CUIygI~00016;id10271~gO805KoL2RM~00005 1 1 0.7080631256103516 1 0.5382668972015381 0.00514045637100935 0.4669855833053589
id10271~1gtz-CUIygI~00016;id10272~0qqQJVFKpbA~00003 0 0 0.3482821583747864 0 0.34674230217933655 0.002590877003967762 0.11410528421401978
id10271~1gtz-CUIygI~00018;id10271~gO805KoL2RM~00004 1 1 0.650743305683136 0 0.3250766396522522 0.006745144724845886 0.4575918912887573
id10271~37nktPRUJ58~00001;id10271~gO805KoL2RM~00001 1 1 0.7021521329879761 1 0.7407827377319336 0.005494011100381613 0.4466482400894165
id10271~37nktPRUJ58~00003;id10271~gO805KoL2RM~00001 1 1 0.5539878606796265 0 0.4504815340042114 0.005494011100381613 0.4466482400894165
id10271~EOQXxK1whgU~00001;id10271~gO805KoL2RM~00004 1 1 0.6871626973152161 0 0.4393994212150574 0.006745144724845886 0.4575918912887573
id10271~LjLjQkfhd2o~00008;id10271~gO805KoL2RM~00004 1 1 0.5715343952178955 0 0.26414191722869873 0.006745144724845886 0.4575918912887573
id10271~PMWQqW_ia58~00001;id10271~gO805KoL2RM~00001 1 1 0.5074917674064636 1 0.6396139860153198 0.005494011100381613 0.4466482400894165
id10271~PfcJLmkhGbk~00002;id10271~gO805KoL2RM~00002 1 1 0.7053360342979431 1 0.598971426486969 0.005962049122899771 0.4713112711906433
id10271~PfcJLmkhGbk~00003;id10271~gO805KoL2RM~00001 1 1 0.6197630167007446 0 0.4073508083820343 0.005494011100381613 0.4466482400894165
id10271~zWyD72sHVwA~00003;id10271~gO805KoL2RM~00001 1 1 0.7292824983596802 1 0.6113967895507812 0.005494011100381613 0.4466482400894165
id10271~zWyD72sHVwA~00006;id10271~gO805KoL2RM~00004 1 1 0.7758032083511353 1 0.6340498328208923 0.006745144724845886 0.4575918912887573
id10271~_YimahVgI1A~00001;id10303~LKDWhdJQFco~00001 0 0 0.16394563019275665 0 0.18727940320968628 0.009835345670580864 0.6354418396949768
id10272~dkN2DIBrXqQ~00006;id10272~0qqQJVFKpbA~00003 1 1 0.7260491847991943 1 0.724961519241333 0.002590877003967762 0.11410528421401978
id10272~dkN2DIBrXqQ~00008;id10294~a4msZPEjhMc~00003 0 0 0.21889495849609375 0 0.167677104473114 0.00410703057423234 0.6150355935096741
id10272~olePnztkm6U~00010;id10272~0qqQJVFKpbA~00003 1 1 0.6890527606010437 1 0.6934022307395935 0.002590877003967762 0.11410528421401978
id10272~wb6ligRbbZ4~00005;id10279~IvOQNamNtF4~00003 0 0 0.05897827446460724 0 0.09716528654098511 0.013300872407853603 0.4278421103954315
id10272~wb6ligRbbZ4~00008;id10272~0qqQJVFKpbA~00003 1 1 0.6082450151443481 1 0.6037427186965942 0.002590877003967762 0.11410528421401978
id10272~wb6ligRbbZ4~00008;id10306~WOjNZFtRwDg~00004 0 0 0.1762433648109436 0 0.18742817640304565 0.00209969375282526 0.2574453353881836
id10273~8cfyJEV7hP8~00019;id10300~85wn4sW4CgQ~00002 0 0 0.13671523332595825 0 0.17037782073020935 0.00356969702988863 0.5921469926834106
id10273~8cfyJEV7hP8~00020;id10285~d-ZEojJk-rs~00005 0 0 0.03294821456074715 0 0.04597568139433861 0.0060653663240373135 0.48004043102264404
id10273~8fKRoUIpAJY~00004;id10271~gO805KoL2RM~00004 0 0 0.2337169647216797 0 0.0789305791258812 0.006745144724845886 0.4575918912887573
id10273~E50E5hbggyM~00004;id10277~SeXsHJ3fW1c~00005 0 0 0.18045303225517273 0 0.06529229134321213 0.01629083789885044 0.678557276725769
id10273~E50E5hbggyM~00005;id10286~PlJd6NVoigs~00001 0 0 0.1435859501361847 0 0.1614413559436798 0.013825695030391216 0.5381534099578857
id10273~GRB1GXRafiY~00003;id10273~MqKFZOAwUsg~00003 1 1 0.8032907247543335 0 0.3595341444015503 0.007472698111087084 0.6997129917144775
id10273~OYi3rZSdAOE~00001;id10274~wH6ebv-K8AA~00004 0 0 0.3403014838695526 0 0.42027348279953003 0.00596365612000227 0.3417762815952301
id10273~ZpPPaMazpf0~00003;id10278~fvX1Vtx3sNo~00003 0 0 0.09550866484642029 0 0.27646636962890625 0.006017914041876793 0.6064346432685852
id10273~ZpPPaMazpf0~00007;id10303~LKDWhdJQFco~00001 0 0 0.05834232270717621 0 0.03148253634572029 0.009835345670580864 0.6354418396949768
id10273~eLl_yTeuaKo~00019;id10292~0H91VC07Q3s~00001 0 0 0.2386913001537323 0 0.31050726771354675 0.0032686861231923103 0.4505865275859833
id10273~gHPh9j7lc58~00004;id10280~PQBBKBYGWgU~00002 0 0 0.12070203572511673 0 0.13417653739452362 0.01546433661133051 0.6018778681755066
id10273~gHPh9j7lc58~00009;id10292~0H91VC07Q3s~00001 0 0 0.16400578618049622 0 0.2469048798084259 0.0032686861231923103 0.4505865275859833
id10273~xN2fSTQHHkw~00003;id10274~wH6ebv-K8AA~00004 0 0 0.21068072319030762 1 0.5368156433105469 0.00596365612000227 0.3417762815952301
id10273~xN2fSTQHHkw~00004;id10277~SeXsHJ3fW1c~00005 0 0 0.27100253105163574 0 0.20017395913600922 0.01629083789885044 0.678557276725769
id10274~7rkVfW2yw0c~00002;id10274~wH6ebv-K8AA~00004 1 1 0.8177496194839478 1 0.6367958784103394 0.00596365612000227 0.3417762815952301
id10274~89UnsytX6Y8~00002;id10274~wH6ebv-K8AA~00004 1 1 0.7157416343688965 1 0.5569270253181458 0.00596365612000227 0.3417762815952301
id10274~89UnsytX6Y8~00003;id10299~x3QoGpHxThw~00005 0 0 0.05126902461051941 0 0.038417547941207886 0.003565914463251829 0.37588396668434143
id10274~89UnsytX6Y8~00004;id10274~wH6ebv-K8AA~00004 1 1 0.6970711350440979 1 0.516557514667511 0.00596365612000227 0.3417762815952301
id10274~89UnsytX6Y8~00007;id10295~nt7dNRvlEHE~00004 0 1 0.4948074519634247 1 0.5468235015869141 0.004713744390755892 0.3695271611213684
id10274~89UnsytX6Y8~00009;id10296~f_k09R8r_cA~00002 0 1 0.5060824751853943 0 0.3318771719932556 0.009865490719676018 0.6561369299888611
id10274~L9q6XabEpEI~00001;id10303~LKDWhdJQFco~00003 0 0 0.13215705752372742 0 0.10074285417795181 0.0053542903624475 0.6236127614974976
id10274~L9q6XabEpEI~00002;id10285~d-ZEojJk-rs~00003 0 0 0.029773738235235214 0 0.03922347351908684 0.0074027725495398045 0.6337866187095642
id10274~L9q6XabEpEI~00002;id10274~wH6ebv-K8AA~00004 1 1 0.8596570491790771 1 0.5999729037284851 0.00596365612000227 0.3417762815952301
id10274~L9q6XabEpEI~00006;id10294~a4msZPEjhMc~00002 0 0 0.16904033720493317 0 0.2246151864528656 0.004016026854515076 0.5657529234886169
id10274~s7vZT3_8Smo~00009;id10274~wH6ebv-K8AA~00004 1 1 0.7135697603225708 1 0.5345166921615601 0.00596365612000227 0.3417762815952301
id10274~O9xLIdaUG-k~00003;id10274~wH6ebv-K8AA~00004 1 1 0.7412407398223877 1 0.5751277208328247 0.00596365612000227 0.3417762815952301
id10274~O9xLIdaUG-k~00003;id10305~t0EX2dOBQjw~00001 0 0 0.26011255383491516 0 0.27347829937934875 0.002980380319058895 0.1780247688293457
id10274~O9xLIdaUG-k~00005;id10305~t0EX2dOBQjw~00001 0 0 0.2878023386001587 0 0.3120911717414856 0.002980380319058895 0.1780247688293457
id10275~HK20g60KlTI~00002;id10274~wH6ebv-K8AA~00004 0 0 0.315395325422287 0 0.2346007078886032 0.00596365612000227 0.3417762815952301
id10275~JbpXWB1V8cA~00001;id10274~wH6ebv-K8AA~00004 0 0 0.4690428376197815 0 0.28372400999069214 0.00596365612000227 0.3417762815952301
id10275~LqcUAxrtYOk~00001;id10304~GRv7pEnTwUc~00003 0 0 0.3576681613922119 0 0.3785025179386139 0.008237184025347233 0.37259215116500854
id10275~Mdk1SXywHck~00007;id10277~SeXsHJ3fW1c~00005 0 0 0.33289921283721924 1 0.48301073908805847 0.01629083789885044 0.678557276725769
id10275~Mdk1SXywHck~00011;id10306~WOjNZFtRwDg~00003 0 0 0.09390373528003693 0 0.07367246598005295 0.003564588027074933 0.29305070638656616
id10275~UBMwbGlSLLg~00001;id10275~QjrBKqx_Xeo~00001 1 1 0.7986202836036682 1 0.6329821944236755 0.008674263022840023 0.46681004762649536
id10275~vAr7raTthpw~00002;id10275~QjrBKqx_Xeo~00001 1 1 0.7908800840377808 1 0.5964573621749878 0.008674263022840023 0.46681004762649536
id10275~vAr7raTthpw~00003;id10305~t0EX2dOBQjw~00003 0 0 0.34169304370880127 0 0.36032813787460327 0.0031431829556822777 0.2388354390859604
id10276~3vWez3baO60~00001;id10276~aaJo0S1lnhY~00003 1 1 0.7420771718025208 1 0.714944064617157 0.010075567290186882 0.5982304811477661
id10276~5WOZXLMujwY~00001;id10284~YN4cTBWM-QE~00001 0 0 0.22349821031093597 0 0.22612948715686798 0.006076016463339329 0.47663259506225586
id10276~5WOZXLMujwY~00003;id10276~aaJo0S1lnhY~00003 1 1 0.8849794864654541 1 0.624565064907074 0.010075567290186882 0.5982304811477661
id10276~5YncBThNd5E~00002;id10295~nt7dNRvlEHE~00002 0 0 0.13430452346801758 0 0.185118168592453 0.0057638706639409065 0.5394914746284485
id10276~5YncBThNd5E~00026;id10286~PlJd6NVoigs~00003 0 0 0.029389597475528717 0 0.058720991015434265 0.02325933799147606 0.7036634087562561
id10276~AeZoMAJ4Ejs~00002;id10276~aaJo0S1lnhY~00005 1 1 0.749437153339386 1 0.7216783165931702 0.007633427623659372 0.4082687199115753
id10276~AeZoMAJ4Ejs~00006;id10284~YN4cTBWM-QE~00005 0 0 0.09636883437633514 0 0.09862110018730164 0.006785038858652115 0.4641917049884796
id10276~AeZoMAJ4Ejs~00011;id10276~aaJo0S1lnhY~00005 1 1 0.8361992835998535 1 0.8070309162139893 0.007633427623659372 0.4082687199115753
id10276~AeZoMAJ4Ejs~00016;id10295~nt7dNRvlEHE~00002 0 0 0.15032140910625458 0 0.11136242002248764 0.0057638706639409065 0.5394914746284485
id10276~CooJzMgoxzw~00003;id10276~aaJo0S1lnhY~00004 1 1 0.48785674571990967 1 0.5790249109268188 0.010845351032912731 0.6585105061531067
id10276~FDhJhEu0JUM~00013;id10292~0H91VC07Q3s~00002 0 0 0.26393812894821167 0 0.29218170046806335 0.0033577000722289085 0.5083340406417847
id10276~HrA2BLcLApA~00013;id10270~x6uYqmx31kE~00004 0 0 0.04993979632854462 0 0.031127825379371643 0.010260592214763165 0.66475909948349