filename label score res adv_score adv_res nsr aer
id10270~5r0dWxy17C8~00005;id10295~nt7dNRvlEHE~00004 0 0.05586392432451248 0 0.06601853668689728 0 0.011521498672664165 0.6090412735939026
id10270~5r0dWxy17C8~00014;id10271~gO805KoL2RM~00003 0 0.08298282325267792 0 0.1297631859779358 0 0.01690456084907055 0.8721099495887756
id10270~5r0dWxy17C8~00021;id10283~oGZsanLiXsY~00002 0 0.043770693242549896 0 0.07886435836553574 0 0.01096306461840868 0.6800285577774048
id10270~5r0dWxy17C8~00022;id10270~x6uYqmx31kE~00005 1 0.6609488725662231 1 0.5771483182907104 1 0.022954458370804787 0.983469545841217
id10270~8jEAjG6SegY~00007;id10270~x6uYqmx31kE~00005 1 0.844448447227478 1 0.4857805371284485 0 0.022954458370804787 0.9091284871101379
id10270~8jEAjG6SegY~00019;id10291~oLJhH76d0kU~00002 0 0.22695818543434143 0 0.3307685852050781 0 0.009912725538015366 0.5357322096824646
id10270~8jEAjG6SegY~00029;id10271~gO805KoL2RM~00004 0 0.15142904222011566 0 0.18104100227355957 0 0.01622043177485466 0.7557560801506042
id10270~8jEAjG6SegY~00032;id10294~a4msZPEjhMc~00004 0 0.13796916604042053 0 0.21098776161670685 0 0.016894569620490074 0.990747332572937
id10270~8jEAjG6SegY~00032;id10270~x6uYqmx31kE~00005 1 0.8051008582115173 1 0.5679422616958618 1 0.022954458370804787 0.9852747321128845
id10270~8jEAjG6SegY~00036;id10292~0H91VC07Q3s~00002 0 0.29650965332984924 0 0.12179049849510193 0 0.008142124861478806 0.7570900321006775
id10270~GWXujl-xAVM~00006;id10284~YN4cTBWM-QE~00001 0 0.19448015093803406 0 0.25625503063201904 0 0.014845861122012138 0.7929831147193909
id10270~GWXujl-xAVM~00010;id10295~nt7dNRvlEHE~00002 0 0.060390256345272064 0 0.06567779183387756 0 0.013918690383434296 0.857613205909729
id10270~GWXujl-xAVM~00011;id10283~oGZsanLiXsY~00002 0 0.06779487431049347 0 0.10310313105583191 0 0.01096306461840868 0.6800285577774048
id10270~GWXujl-xAVM~00017;id10295~nt7dNRvlEHE~00004 0 0.0710536316037178 0 0.07398394495248795 0 0.011521498672664165 0.5662198066711426
id10270~GWXujl-xAVM~00020;id10270~x6uYqmx31kE~00005 1 0.6420882940292358 1 0.6181389093399048 1 0.022954458370804787 0.9852747321128845
id10271~gO805KoL2RM~00001;id10271~gO805KoL2RM~00004 1 0.43651747703552246 0 0.4035792648792267 0 0.01622043177485466 0.475452184677124
id10271~gO805KoL2RM~00002;id10291~oLJhH76d0kU~00005 0 0.14993798732757568 0 0.17637598514556885 0 0.00975037831813097 0.3989909291267395
id10271~gO805KoL2RM~00004;id10277~SeXsHJ3fW1c~00005 0 0.32328686118125916 0 0.2831578254699707 0 0.03945915773510933 0.9944637417793274
id10271~1gtz-CUIygI~00001;id10271~gO805KoL2RM~00001 1 0.617548406124115 1 0.6362403631210327 1 0.013306829147040844 0.7941578030586243
id10271~1gtz-CUIygI~00005;id10271~gO805KoL2RM~00002 1 0.5271952748298645 1 0.6016072630882263 1 0.014376872219145298 0.7915713787078857
id10271~1gtz-CUIygI~00006;id10271~gO805KoL2RM~00001 1 0.6635003089904785 1 0.3714330494403839 0 0.013306829147040844 0.7933725714683533
id10271~1gtz-CUIygI~00006;id10272~0qqQJVFKpbA~00002 0 0.23478242754936218 0 0.23516568541526794 0 0.006378372199833393 0.16070888936519623
id10271~1gtz-CUIygI~00009;id10273~MqKFZOAwUsg~00003 0 0.2909490168094635 0 0.271127313375473 0 0.018081746995449066 0.9703130722045898
id10271~1gtz-CUIygI~00010;id10305~t0EX2dOBQjw~00005 0 0.20056647062301636 0 0.18637336790561676 0 0.007473122328519821 0.321198433637619
id10271~1gtz-CUIygI~00013;id10271~gO805KoL2RM~00004 1 0.4982315003871918 0 0.5757476091384888 1 0.01622043177485466 0.5802963972091675
id10271~1gtz-CUIygI~00016;id10272~0qqQJVFKpbA~00003 0 0.42010900378227234 0 0.4446243345737457 0 0.006445948500186205 0.24003726243972778
id10271~1gtz-CUIygI~00018;id10271~gO805KoL2RM~00004 1 0.5969708561897278 1 0.3487069010734558 0 0.01622043177485466 0.7500385642051697
id10271~37nktPRUJ58~00001;id10271~gO805KoL2RM~00001 1 0.6098728179931641 1 0.708467960357666 1 0.013306829147040844 0.7941578030586243
id10271~37nktPRUJ58~00003;id10271~gO805KoL2RM~00001 1 0.6030538082122803 1 0.47217440605163574 0 0.013306829147040844 0.7941578030586243
id10271~EOQXxK1whgU~00001;id10271~gO805KoL2RM~00004 1 0.5983723402023315 1 0.4153442084789276 0 0.01622043177485466 0.6756963729858398
id10271~LjLjQkfhd2o~00002;id10271~gO805KoL2RM~00003 1 0.6986449956893921 1 0.6062158942222595 1 0.01690456084907055 0.8721099495887756
id10271~LjLjQkfhd2o~00007;id10305~t0EX2dOBQjw~00002 0 0.20415295660495758 0 0.2113933116197586 0 0.007003219332545996 0.40029996633529663
id10271~LjLjQkfhd2o~00008;id10271~gO805KoL2RM~00004 1 0.5123654007911682 1 0.3801184296607971 0 0.01622043177485466 0.7342396974563599
id10271~PMWQqW_ia58~00001;id10271~gO805KoL2RM~00001 1 0.4672618508338928 0 0.7186267375946045 1 0.013306829147040844 0.7941578030586243
id10271~PfcJLmkhGbk~00002;id10271~gO805KoL2RM~00002 1 0.7062117457389832 1 0.49239659309387207 0 0.014376872219145298 0.7912496328353882
id10271~PfcJLmkhGbk~00003;id10271~gO805KoL2RM~00001 1 0.6357349157333374 1 0.5799576640129089 1 0.013306829147040844 0.7941578030586243
id10271~djK87iSSKQo~00001;id10271~gO805KoL2RM~00003 1 0.6490318775177002 1 0.6465317606925964 1 0.01690456084907055 0.8721099495887756
id10271~zWyD72sHVwA~00002;id10293~X7uOKQUYTCM~00002 0 0.3835393786430359 0 0.4033283293247223 0 0.004311170428991318 0.3191532790660858
id10271~zWyD72sHVwA~00003;id10271~gO805KoL2RM~00001 1 0.5870431065559387 1 0.4798552393913269 0 0.013306829147040844 0.7941578030586243
id10271~zWyD72sHVwA~00006;id10271~gO805KoL2RM~00004 1 0.4957394599914551 0 0.48548072576522827 0 0.01622043177485466 0.47386202216148376
id10271~_YimahVgI1A~00001;id10303~LKDWhdJQFco~00001 0 0.15121051669120789 0 0.1499837189912796 0 0.02358335629105568 0.9687342047691345
id10272~0qqQJVFKpbA~00001;id10272~0qqQJVFKpbA~00002 1 0.8163060545921326 1 0.7975588440895081 1 0.006378372199833393 0.2369266003370285
id10272~dkN2DIBrXqQ~00004;id10272~0qqQJVFKpbA~00002 1 0.7822626233100891 1 0.7887869477272034 1 0.006378372199833393 0.2369266003370285
id10272~dkN2DIBrXqQ~00006;id10272~0qqQJVFKpbA~00003 1 0.7589325904846191 1 0.7495608329772949 1 0.006445948500186205 0.24003726243972778
id10272~dkN2DIBrXqQ~00008;id10272~0qqQJVFKpbA~00002 1 0.8015913963317871 1 0.7866442799568176 1 0.006378372199833393 0.13006193935871124
id10272~dkN2DIBrXqQ~00008;id10294~a4msZPEjhMc~00003 0 0.21343696117401123 0 0.23471969366073608 0 0.009922122582793236 0.7774143218994141
id10272~olePnztkm6U~00001;id10304~GRv7pEnTwUc~00004 0 0.17067740857601166 0 0.16845813393592834 0 0.026863889768719673 0.6304089426994324
id10272~olePnztkm6U~00008;id10272~0qqQJVFKpbA~00002 1 0.46060484647750854 0 0.4663808345794678 0 0.006378372199833393 0.17673203349113464
id10272~olePnztkm6U~00010;id10272~0qqQJVFKpbA~00003 1 0.7034480571746826 1 0.7133548259735107 1 0.006445948500186205 0.24003726243972778
id10272~uuEXZLyyWN8~00001;id10307~kp_GCjLq4qA~00001 0 0.14580611884593964 0 0.14008186757564545 0 0.010783550329506397 0.5924043655395508
id10272~wb6ligRbbZ4~00005;id10279~IvOQNamNtF4~00003 0 0.05919889360666275 0 0.09752022475004196 0 0.03236322104930878 0.7669965028762817
id10272~wb6ligRbbZ4~00008;id10272~0qqQJVFKpbA~00003 1 0.6040418148040771 1 0.5929450988769531 1 0.006445948500186205 0.24003726243972778
id10272~wb6ligRbbZ4~00008;id10306~WOjNZFtRwDg~00004 0 0.17556391656398773 0 0.1611301749944687 0 0.005168811418116093 0.4364434480667114
id10272~ho_r24dlPTQ~00001;id10293~X7uOKQUYTCM~00004 0 0.23216265439987183 0 0.16985590755939484 0 0.004918988328427076 0.35201895236968994
id10273~5TWpQYtboq0~00001;id10282~zGjY8J48FoE~00003 0 0.05675358697772026 0 0.05663029104471207 0 0.019373416900634766 0.5968207120895386
id10273~8cfyJEV7hP8~00019;id10300~85wn4sW4CgQ~00002 0 0.13512493669986725 0 0.1297011524438858 0 0.008667885325849056 0.8866361379623413
id10273~8cfyJEV7hP8~00020;id10297~0mtJFC7OJv4~00001 0 0.25826331973075867 0 0.25599849224090576 0 0.010287811048328876 0.8519123196601868
id10273~8cfyJEV7hP8~00020;id10285~d-ZEojJk-rs~00005 0 0.02720954269170761 0 0.050862617790699005 0 0.01472885999828577 0.8412221074104309
id10273~8fKRoUIpAJY~00004;id10271~gO805KoL2RM~00004 0 0.06397948414087296 0 0.13656090199947357 0 0.01622043177485466 0.41494283080101013
id10273~E50E5hbggyM~00003;id10276~aaJo0S1lnhY~00002 0 0.22056615352630615 0 0.21031495928764343 0 0.026197396218776703 0.8076493144035339
id10273~E50E5hbggyM~00004;id10277~SeXsHJ3fW1c~00005 0 0.19334541261196136 0 0.08564060181379318 0 0.03945915773510933 0.9544821381568909
id10273~E50E5hbggyM~00005;id10286~PlJd6NVoigs~00001 0 0.14933587610721588 0 0.2353116124868393 0 0.03364891931414604 0.8766156435012817
id10273~GRB1GXRafiY~00003;id10273~MqKFZOAwUsg~00003 1 0.5646216869354248 1 0.1649322807788849 0 0.018081746995449066 0.7901430726051331
id10273~OYi3rZSdAOE~00001;id10274~wH6ebv-K8AA~00004 0 0.34013453125953674 0 0.25001227855682373 0 0.01456217560917139 0.6051124930381775
id10273~ZpPPaMazpf0~00003;id10278~fvX1Vtx3sNo~00003 0 0.09416568279266357 0 0.22641924023628235 0 0.014528402127325535 0.9475170969963074
id10273~ZpPPaMazpf0~00007;id10303~LKDWhdJQFco~00001 0 0.047073956578969955 0 0.056061651557683945 0 0.02358335629105568 0.9353664517402649
id10273~eLl_yTeuaKo~00005;id10283~oGZsanLiXsY~00003 0 0.23787839710712433 0 0.22045913338661194 0 0.00916264858096838 0.5140953063964844
id10273~eLl_yTeuaKo~00019;id10292~0H91VC07Q3s~00001 0 0.2600361406803131 0 0.49695059657096863 0 0.00790152046829462 0.46482184529304504
id10273~gHPh9j7lc58~00003;id10293~X7uOKQUYTCM~00004 0 0.3378310203552246 0 0.43078848719596863 0 0.004918988328427076 0.3499967157840729
id10273~gHPh9j7lc58~00004;id10280~PQBBKBYGWgU~00002 0 0.14079158008098602 0 0.14465869963169098 0 0.037371598184108734 0.9880893230438232
id10273~gHPh9j7lc58~00009;id10292~0H91VC07Q3s~00001 0 0.17054462432861328 0 0.3909148573875427 0 0.00790152046829462 0.6896061897277832
id10273~hW0Q6eHqN-U~00008;id10300~85wn4sW4CgQ~00005 0 0.3327300548553467 0 0.46369054913520813 0 0.0104519659653306 1.0056381225585938
id10273~xN2fSTQHHkw~00003;id10274~wH6ebv-K8AA~00004 0 0.2086109220981598 0 0.5697550773620605 1 0.01456217560917139 0.607763409614563
id10273~xN2fSTQHHkw~00004;id10277~SeXsHJ3fW1c~00005 0 0.2757771611213684 0 0.16672123968601227 0 0.03945915773510933 0.9906243085861206
id10273~58VB-LYIoRM~00004;id10278~fvX1Vtx3sNo~00001 0 0.24359004199504852 0 0.36424288153648376 0 0.013925603590905666 0.9694976806640625
id10273~58VB-LYIoRM~00005;id10291~oLJhH76d0kU~00004 0 0.14664235711097717 0 0.09625844657421112 0 0.009511890821158886 0.4603498578071594
id10274~wH6ebv-K8AA~00004;id10293~X7uOKQUYTCM~00004 0 0.3499334156513214 0 0.33691951632499695 0 0.004918988328427076 0.31809449195861816
id10274~7rkVfW2yw0c~00002;id10274~wH6ebv-K8AA~00004 1 0.8227567672729492 1 0.3350561559200287 0 0.01456217560917139 0.6056551933288574
id10274~89UnsytX6Y8~00002;id10274~wH6ebv-K8AA~00004 1 0.7433210015296936 1 0.3044191598892212 0 0.01456217560917139 0.607763409614563
id10274~89UnsytX6Y8~00004;id10274~wH6ebv-K8AA~00004 1 0.7263696789741516 1 0.299336701631546 0 0.01456217560917139 0.607763409614563
id10274~89UnsytX6Y8~00007;id10295~nt7dNRvlEHE~00004 0 0.501524031162262 1 0.46055975556373596 0 0.011521498672664165 0.6090412735939026
id10274~L9q6XabEpEI~00002;id10285~d-ZEojJk-rs~00003 0 0.029239052906632423 0 0.012698229402303696 0 0.01793809048831463 0.9810198545455933
id10274~L9q6XabEpEI~00002;id10274~wH6ebv-K8AA~00004 1 0.8726984262466431 1 0.3153780996799469 0 0.01456217560917139 0.5825789570808411
id10274~s7vZT3_8Smo~00004;id10274~wH6ebv-K8AA~00003 1 0.8820564150810242 1 0.8411702513694763 1 0.010385117493569851 0.47706952691078186
id10274~s7vZT3_8Smo~00009;id10274~wH6ebv-K8AA~00004 1 0.7032178640365601 1 0.26280879974365234 0 0.01456217560917139 0.607763409614563
id10274~xbGp2KSUr0E~00004;id10274~wH6ebv-K8AA~00003 1 0.8810246586799622 1 0.8722869157791138 1 0.010385117493569851 0.490329772233963
id10274~O9xLIdaUG-k~00003;id10274~wH6ebv-K8AA~00004 1 0.7590965032577515 1 0.3198506832122803 0 0.01456217560917139 0.607763409614563
id10275~CVUXDNZzcmA~00005;id10300~85wn4sW4CgQ~00001 0 0.10008247196674347 0 0.35527661442756653 0 0.011327806860208511 0.7019659876823425
id10275~HK20g60KlTI~00002;id10274~wH6ebv-K8AA~00004 0 0.3295082449913025 0 0.2715350091457367 0 0.01456217560917139 0.5992012619972229
id10275~JbpXWB1V8cA~00001;id10274~wH6ebv-K8AA~00004 0 0.4743758738040924 0 0.15045256912708282 0 0.01456217560917139 0.607763409614563
id10275~Mdk1SXywHck~00007;id10277~SeXsHJ3fW1c~00005 0 0.32303324341773987 0 0.35069113969802856 0 0.03945915773510933 0.9579669833183289
id10275~Mdk1SXywHck~00021;id10272~0qqQJVFKpbA~00002 0 0.2610207200050354 0 0.25951850414276123 0 0.006378372199833393 0.16286708414554596
id10275~cFv9Ofrmc9k~00002;id10297~0mtJFC7OJv4~00001 0 0.2594151496887207 0 0.3675265312194824 0 0.010287811048328876 0.8505629897117615
id10276~3vWez3baO60~00001;id10276~aaJo0S1lnhY~00003 1 0.7734241485595703 1 0.5526642799377441 1 0.024434855207800865 0.9206954836845398
id10276~3vWez3baO60~00003;id10297~0mtJFC7OJv4~00001 0 0.18828624486923218 0 0.34001168608665466 0 0.010287811048328876 0.8463720679283142
id10276~5WOZXLMujwY~00001;id10284~YN4cTBWM-QE~00001 0 0.2432708889245987 0 0.2730608284473419 0 0.014845861122012138 0.7929831147193909
id10276~5WOZXLMujwY~00003;id10276~aaJo0S1lnhY~00003 1 0.8824515342712402 1 0.632670521736145 1 0.024434855207800865 0.9202936291694641
id10276~5YncBThNd5E~00002;id10295~nt7dNRvlEHE~00002 0 0.17052318155765533 0 0.13458913564682007 0 0.013918690383434296 0.857613205909729
id10276~5YncBThNd5E~00025;id10276~aaJo0S1lnhY~00002 1 0.6233395338058472 1 0.476687490940094 0 0.026197396218776703 0.8243191242218018
id10276~5YncBThNd5E~00026;id10286~PlJd6NVoigs~00003 0 0.03395412489771843 0 0.03584444522857666 0 0.05633974447846413 1.0501370429992676