filename acc loss adv_acc adv_loss nsr aer
Ses01M_impro05_F002 1.0 0.08976636826992035 0.0 1.2212344408035278 0.0034798597916960716 0.557971179485321
Ses01M_impro05_F006 1.0 0.2474144995212555 0.0 1.1465511322021484 0.005807246081531048 0.8103710412979126
Ses01M_impro05_F015 1.0 0.6950349807739258 0.0 0.9999076128005981 0.0013943465892225504 0.4249323010444641
Ses01M_impro05_F016 1.0 1.1513195037841797 0.0 4.771854877471924 0.004033401142805815 0.5716975331306458
Ses01M_impro05_F028 1.0 0.02903909608721733 1.0 0.07308147102594376 0.017806123942136765 0.8470847010612488
Ses01M_impro05_M005 1.0 0.009602311067283154 1.0 0.06468172371387482 0.0012763104168698192 0.39792579412460327
Ses01M_impro05_M021 1.0 0.34047719836235046 1.0 0.011828050948679447 0.0025473262649029493 0.5630491971969604
Ses01M_impro05_M024 1.0 0.2499181181192398 1.0 0.02682630904018879 0.0025819290895015 0.46160033345222473
Ses01M_impro05_M026 1.0 0.0051972283981740475 1.0 0.014437145553529263 0.0016246223822236061 0.3570771813392639
Ses01F_script01_1_F034 1.0 0.12936945259571075 1.0 0.10549209266901016 0.015030867420136929 1.0396418571472168
Ses01F_script01_1_F042 1.0 0.001280084135942161 1.0 0.00037555795279331505 0.003028691979125142 0.6747171878814697
Ses01F_script01_1_M000 1.0 0.0018156962469220161 1.0 0.010581931099295616 0.012252140790224075 0.82675701379776
Ses01F_script01_1_M001 1.0 0.4565800130367279 0.0 0.8923331499099731 0.012435662560164928 0.8235597014427185
Ses01F_script01_1_M015 1.0 0.031184254214167595 0.0 2.0409348011016846 0.019405128434300423 0.9729888439178467
Ses01F_script01_1_M017 1.0 0.2912714183330536 1.0 0.03260507807135582 0.007985878735780716 0.7991535067558289
Ses01F_script01_1_M039 1.0 0.0373050756752491 1.0 0.044913649559020996 0.014491247944533825 0.8205202221870422
Ses01M_impro02_M000 1.0 0.2749352753162384 1.0 0.5784922242164612 0.015627175569534302 0.9879249334335327
Ses01M_impro02_M009 1.0 0.43663880228996277 1.0 0.29847389459609985 0.014217732474207878 0.9117139577865601
Ses01M_impro02_M017 1.0 0.17625094950199127 1.0 0.17636089026927948 0.017126068472862244 0.9349479079246521
Ses01M_impro02_M022 1.0 0.5908617377281189 1.0 0.0002960720448754728 0.024118099361658096 1.085217833518982
Ses01M_impro02_M025 1.0 0.10592066496610641 1.0 0.0006772369961254299 0.032695818692445755 0.9859418272972107
Ses01F_script02_2_M017 1.0 0.5599977374076843 0.0 2.126796007156372 0.005537381395697594 0.7845372557640076
Ses01F_script02_2_M022 1.0 0.18791402876377106 0.0 2.6531734466552734 0.020223496481776237 0.9820572137832642
Ses01F_script03_1_F006 1.0 0.12970760464668274 0.0 3.619687557220459 0.004349787253886461 0.5746750831604004
Ses01F_script03_1_F010 1.0 0.19000878930091858 0.0 2.2297985553741455 0.007407701574265957 0.7061010599136353
Ses01F_script03_1_F020 1.0 0.05824703723192215 0.0 1.7175229787826538 0.003825902473181486 0.6172875761985779
Ses01F_script03_1_M010 1.0 0.030470136553049088 1.0 0.11209485679864883 0.0038993661291897297 0.6103148460388184
Ses01F_script03_1_M013 1.0 0.4351007342338562 0.0 1.3348243236541748 0.0017200432484969497 0.4693697988986969
Ses01M_impro01_F019 1.0 3.8980677345534787e-05 1.0 0.0004481264913920313 0.0006470075459219515 0.5256054997444153
Ses01M_impro01_F024 1.0 0.7252390384674072 0.0 1.494649887084961 0.0025284995790570974 0.6155990958213806
Ses01M_script01_3_M018 1.0 0.0348229706287384 1.0 0.202335387468338 0.0035066832788288593 0.5267019271850586
Ses01M_script01_3_M031 1.0 0.00502750976011157 1.0 0.03321239724755287 0.007396552246063948 0.7829757928848267
Ses01M_script01_3_M034 1.0 0.0029479877557605505 1.0 7.486063259420916e-05 0.007577804382890463 0.8812742829322815
Ses01M_script01_3_M036 1.0 0.004906992893666029 1.0 0.18440201878547668 0.006903162691742182 0.8386183977127075
Ses01M_impro03_F006 1.0 0.667438805103302 1.0 0.8009927868843079 0.0008168715285137296 0.3715433180332184
Ses01M_impro03_F009 1.0 0.09046203643083572 0.0 1.1938414573669434 0.0022959078196436167 0.5259547233581543
Ses01M_impro03_F018 1.0 0.004785631783306599 1.0 0.0005179494037292898 0.019362419843673706 0.903830349445343
Ses01M_impro03_M023 1.0 0.014860527589917183 0.0 7.278897762298584 0.004798879846930504 0.6626536846160889
Ses01F_script02_1_F008 1.0 0.006353062577545643 1.0 0.19359029829502106 0.0159152802079916 0.9989716410636902
Ses01F_script02_1_F025 1.0 0.07562769949436188 0.0 1.9627126455307007 0.01667996682226658 1.1242778301239014
Ses01F_script02_1_M008 1.0 0.01157426182180643 1.0 0.02513594925403595 0.01145792007446289 0.8689606785774231
Ses01M_script01_1_F020 1.0 0.004713970236480236 1.0 0.0011262509506195784 0.0014982674038037658 0.5296120047569275
Ses01M_script01_1_F031 1.0 0.008893167600035667 1.0 0.01908241957426071 0.004416503943502903 0.8149914741516113
Ses01M_script01_1_F040 1.0 0.016521546989679337 1.0 0.0286390520632267 0.0007961313240230083 0.384838730096817
Ses01M_script01_2_F009 1.0 0.03628335893154144 1.0 0.19992367923259735 0.0014997387770563364 0.5891201496124268
Ses01M_script01_2_M016 1.0 0.7234903573989868 0.0 1.0882718563079834 0.006511750165373087 0.919847309589386
Ses01F_impro05_F011 1.0 0.010520121082663536 1.0 0.0029345566872507334 0.002676883013918996 0.6496955752372742
Ses01F_impro05_F015 1.0 0.0004576589271891862 1.0 0.0010347970528528094 0.0012971963733434677 0.3249867260456085
Ses01F_impro05_F017 1.0 0.002466376405209303 1.0 0.007180479355156422 0.000835213519167155 0.2662956416606903
Ses01F_impro05_F020 1.0 0.3529103696346283 1.0 0.4142460227012634 0.0009761897381395102 0.3695095479488373
Ses01F_impro05_F022 1.0 0.5360983610153198 1.0 0.0010917185572907329 0.002402261830866337 0.5567098259925842
Ses01F_impro05_M005 1.0 0.1687556654214859 1.0 0.03634865581989288 0.00678471801802516 0.6556105613708496
Ses01F_impro07_F003 1.0 0.003267903346568346 1.0 0.005982587579637766 0.0009759218664839864 0.37438133358955383
Ses01F_impro07_M007 1.0 0.004512484651058912 1.0 0.04102220758795738 0.0012936190469190478 0.4040743112564087
Ses01F_impro07_M009 1.0 0.023544613271951675 0.0 1.1004263162612915 0.003816555952653289 0.6809566020965576
Ses01F_impro07_M014 1.0 0.06061822548508644 0.0 1.5121994018554688 0.0030662904027849436 0.5553433299064636
Ses01F_impro02_M013 1.0 0.3147377371788025 0.0 1.612079381942749 0.018396945670247078 0.9768996834754944
Ses01F_impro02_M014 1.0 0.16713301837444305 0.0 1.3834292888641357 0.020492665469646454 0.9586663842201233
Ses01M_script03_2_F024 1.0 0.015843577682971954 1.0 0.024110911414027214 0.0013541145017370582 0.42494162917137146
Ses01M_script03_2_F028 1.0 0.30470678210258484 1.0 0.26480403542518616 0.0008513949578627944 0.3904615640640259
Ses01M_script03_2_F033 1.0 0.09972397983074188 1.0 0.00803961418569088 0.0015851197531446815 0.6432322859764099
Ses01M_script03_2_F039 1.0 0.05600818246603012 1.0 0.01880706660449505 0.0004948553978465497 0.21366283297538757
Ses01M_script03_2_F041 1.0 0.01532082911580801 1.0 0.014451363123953342 0.000392089132219553 0.13435673713684082
Ses01M_script03_2_M018 1.0 0.5861709117889404 0.0 4.339266300201416 0.005657477304339409 0.8989719748497009
Ses01M_script03_2_M026 1.0 0.2224353849887848 1.0 0.19751572608947754 0.003503581276163459 0.38812267780303955
Ses01F_impro06_M003 1.0 0.0027814533095806837 1.0 0.0018924438627436757 0.016666755080223083 0.9600322842597961
Ses01F_impro06_M012 1.0 0.008169567212462425 0.0 2.4524927139282227 0.025590315461158752 1.0860824584960938
Ses01F_impro06_M014 1.0 0.08689513057470322 1.0 0.08906901627779007 0.01722242310643196 0.965811014175415
Ses01F_impro06_M016 1.0 0.028692685067653656 0.0 3.191514015197754 0.022641947492957115 1.0074501037597656
Ses01M_script02_1_F021 1.0 0.4309699833393097 1.0 0.026463227346539497 0.00379729806445539 0.7848969101905823
Ses01M_script02_1_M017 1.0 0.3292973041534424 1.0 0.7422948479652405 0.004046386573463678 0.5998271107673645
Ses01M_script02_1_M031 1.0 0.4148988723754883 0.0 2.871227741241455 0.0036815148778259754 0.6280021071434021
Ses01M_script02_1_M046 1.0 0.010901536792516708 1.0 0.24441775679588318 0.0046960171312093735 0.6499066948890686
Ses01F_script01_2_F006 1.0 1.6689160474925302e-05 1.0 0.00018463814922142774 0.0010162665275856853 0.5437009334564209
Ses01F_script01_2_F007 1.0 0.0016354055842384696 1.0 0.0008247073274105787 0.0014223242178559303 0.4045262634754181
Ses01F_script01_2_F012 1.0 0.0029427579138427973 1.0 0.0025737513788044453 0.0008402151870541275 0.276870459318161
Ses01F_script01_2_M001 1.0 0.4054042398929596 0.0 1.5529719591140747 0.009660810232162476 0.8693917989730835
Ses01F_script03_2_F001 1.0 0.007433493155986071 1.0 0.005914211738854647 0.004629404749721289 0.6838352680206299
Ses01F_script03_2_F002 1.0 0.01543493289500475 1.0 0.09236475825309753 0.003236674703657627 0.6731014251708984
Ses01F_script03_2_F005 1.0 0.3953358829021454 0.0 8.689973831176758 0.008491846732795238 0.9620494246482849
Ses01F_script03_2_F014 1.0 0.008138470351696014 1.0 0.08180731534957886 0.0052736359648406506 0.8587020635604858
Ses01F_script03_2_F025 1.0 0.11145108193159103 1.0 0.26717400550842285 0.003257942385971546 0.5822412371635437
Ses01F_script03_2_F031 1.0 0.35572338104248047 0.0 1.5454189777374268 0.007519260514527559 0.7897636294364929
Ses01F_script03_2_F040 1.0 0.030950818210840225 1.0 0.08471355587244034 0.00046744541032239795 0.22258014976978302
Ses01F_script03_2_M018 1.0 0.1721642166376114 1.0 0.1787099987268448 0.008670099079608917 0.8081825375556946
Ses01F_script03_2_M023 1.0 0.03971710428595543 1.0 0.011405975557863712 0.0011068929452449083 0.34224453568458557
Ses01F_script03_2_M026 1.0 0.03377290070056915 1.0 0.011207012459635735 0.001211786293424666 0.436562180519104
Ses01F_script03_2_M040 1.0 0.40225642919540405 1.0 0.3544645309448242 0.0004567264695651829 0.15090948343276978
Ses01M_impro06_F012 1.0 0.11233364790678024 0.0 5.520841598510742 0.014993110671639442 0.8266706466674805
Ses01M_impro06_F013 1.0 0.6143532395362854 1.0 0.0631154328584671 0.012413023971021175 0.8220562934875488
Ses01M_impro06_M000 1.0 0.0004690977220889181 1.0 0.08997002243995667 0.03950278460979462 1.0636953115463257
Ses01M_impro06_M001 1.0 0.03476621210575104 1.0 0.012879755347967148 0.02290468104183674 1.015436053276062
Ses01M_impro06_M007 1.0 0.0020329540129750967 1.0 0.0015367376618087292 0.030520720407366753 1.0089645385742188
Ses01M_impro06_M011 1.0 0.04280713573098183 1.0 0.016385169699788094 0.012545092962682247 0.8546656370162964
Ses01M_impro06_M014 1.0 0.04931246116757393 1.0 0.009604791179299355 0.03219889476895332 0.9785275459289551
Ses01M_impro06_M018 1.0 0.009075816720724106 1.0 0.09430866688489914 0.022450989112257957 0.8798060417175293
Ses01F_script01_3_F001 1.0 0.5791743993759155 0.0 1.9662199020385742 0.016794629395008087 1.0724380016326904
Ses01F_script01_3_F011 1.0 0.00046004203613847494 1.0 0.03054194152355194 0.0059049781411886215 0.7095766663551331
Ses01F_script01_3_F017 1.0 0.007839743979275227 1.0 0.24559330940246582 0.007554118055850267 0.9165628552436829
Ses01F_script01_3_F029 1.0 0.14952164888381958 0.0 0.9081800580024719 0.023204663768410683 1.0939260721206665