filename label res score adv_res adv_score nsr aer
id10270~x6uYqmx31kE~00002;id10307~kp_GCjLq4qA~00004 0 0 0.34269505739212036 0 0.3420160710811615 0.006666684988886118 0.025996403768658638
id10270~5r0dWxy17C8~00005;id10295~nt7dNRvlEHE~00004 0 0 0.058817148208618164 0 0.0587981641292572 0.004943285137414932 0.011903996579349041
id10270~5r0dWxy17C8~00013;id10278~fvX1Vtx3sNo~00004 0 0 0.12610837817192078 0 0.12518078088760376 0.006924019195139408 0.024912988767027855
id10270~5r0dWxy17C8~00021;id10283~oGZsanLiXsY~00002 0 0 0.02033938281238079 0 0.02042783796787262 0.004741911310702562 0.019343918189406395
id10270~5r0dWxy17C8~00022;id10270~x6uYqmx31kE~00005 1 1 0.6612853407859802 1 0.6614739298820496 0.01003662683069706 0.01823694445192814
id10270~5r0dWxy17C8~00026;id10270~x6uYqmx31kE~00004 1 1 0.7562294006347656 1 0.7559715509414673 0.010873123072087765 0.02576807141304016
id10270~8jEAjG6SegY~00006;id10284~YN4cTBWM-QE~00002 0 0 0.22324775159358978 0 0.22422948479652405 0.0049172802828252316 0.012092933058738708
id10270~8jEAjG6SegY~00007;id10270~x6uYqmx31kE~00005 1 1 0.8472771048545837 1 0.8480409979820251 0.01003662683069706 0.01823694445192814
id10270~8jEAjG6SegY~00020;id10301~vhzF7dhGJzI~00003 0 0 0.25125569105148315 0 0.2518748342990875 0.008794671855866909 0.009585325606167316
id10270~8jEAjG6SegY~00026;id10270~x6uYqmx31kE~00004 1 1 0.8481903076171875 1 0.8482860326766968 0.010873123072087765 0.02576807141304016
id10270~8jEAjG6SegY~00029;id10271~gO805KoL2RM~00004 0 0 0.14471493661403656 0 0.14380976557731628 0.007070425897836685 0.012989540584385395
id10270~8jEAjG6SegY~00032;id10270~x6uYqmx31kE~00005 1 1 0.8060178160667419 1 0.8059887290000916 0.01003662683069706 0.01823694445192814
id10270~8jEAjG6SegY~00033;id10307~kp_GCjLq4qA~00003 0 0 0.29869624972343445 0 0.3018549680709839 0.006409888621419668 0.04462254047393799
id10270~8jEAjG6SegY~00036;id10292~0H91VC07Q3s~00002 0 0 0.2982024550437927 0 0.29697901010513306 0.0035425559617578983 0.015204496681690216
id10270~GWXujl-xAVM~00001;id10301~vhzF7dhGJzI~00003 0 0 0.25925102829933167 0 0.2598867118358612 0.008794671855866909 0.009585325606167316
id10270~GWXujl-xAVM~00005;id10301~vhzF7dhGJzI~00003 0 0 0.2180914282798767 0 0.21856026351451874 0.008794671855866909 0.009585325606167316
id10270~GWXujl-xAVM~00006;id10284~YN4cTBWM-QE~00001 0 0 0.22202259302139282 0 0.22198089957237244 0.0063006095588207245 0.01574394665658474
id10270~GWXujl-xAVM~00010;id10295~nt7dNRvlEHE~00002 0 0 0.08649202436208725 0 0.08678264915943146 0.006107283290475607 0.019278159365057945
id10270~GWXujl-xAVM~00011;id10283~oGZsanLiXsY~00002 0 0 0.0704001858830452 0 0.06963071972131729 0.004741911310702562 0.019343918189406395
id10270~GWXujl-xAVM~00017;id10295~nt7dNRvlEHE~00004 0 0 0.05941273272037506 0 0.059879325330257416 0.004943285137414932 0.011903996579349041
id10270~GWXujl-xAVM~00020;id10270~x6uYqmx31kE~00005 1 1 0.6397097110748291 1 0.6392103433609009 0.01003662683069706 0.01823694445192814
id10270~GWXujl-xAVM~00052;id10270~x6uYqmx31kE~00004 1 1 0.5664877891540527 1 0.566822350025177 0.010873123072087765 0.02576807141304016
id10270~GWXujl-xAVM~00055;id10270~x6uYqmx31kE~00004 1 1 0.6113311052322388 1 0.6110036373138428 0.010873123072087765 0.02576807141304016
id10270~zjwijMp0Qyw~00003;id10275~QjrBKqx_Xeo~00001 0 0 0.11529718339443207 0 0.11499075591564178 0.009010651148855686 0.012941097840666771
id10271~gO805KoL2RM~00001;id10271~gO805KoL2RM~00004 1 1 0.7315659523010254 1 0.7296901345252991 0.007070425897836685 0.012989540584385395
id10271~gO805KoL2RM~00002;id10291~oLJhH76d0kU~00005 0 0 0.1449512541294098 0 0.14490395784378052 0.00407401705160737 0.004479189869016409
id10271~gO805KoL2RM~00004;id10277~SeXsHJ3fW1c~00005 0 0 0.3226407468318939 0 0.313956618309021 0.01741933822631836 0.032954223453998566
id10271~1gtz-CUIygI~00001;id10271~gO805KoL2RM~00001 1 1 0.7449718713760376 1 0.7469028830528259 0.005730210803449154 0.016305530443787575
id10271~1gtz-CUIygI~00005;id10271~gO805KoL2RM~00002 1 1 0.48763519525527954 1 0.48642218112945557 0.0062141017988324165 0.013097613118588924
id10271~1gtz-CUIygI~00006;id10271~gO805KoL2RM~00001 1 1 0.6622999310493469 1 0.6627399325370789 0.005730210803449154 0.016305530443787575
id10271~1gtz-CUIygI~00009;id10273~MqKFZOAwUsg~00003 0 0 0.28328147530555725 0 0.2779960334300995 0.007966014556586742 0.028173796832561493
id10271~1gtz-CUIygI~00013;id10271~gO805KoL2RM~00004 1 1 0.6972865462303162 1 0.6974229216575623 0.007070425897836685 0.012989540584385395
id10271~1gtz-CUIygI~00014;id10271~gO805KoL2RM~00005 1 1 0.6740656495094299 1 0.6724320650100708 0.005360359791666269 0.019406268373131752
id10271~1gtz-CUIygI~00016;id10271~gO805KoL2RM~00005 1 1 0.7080631256103516 1 0.7072334289550781 0.005360359791666269 0.019406268373131752
id10271~1gtz-CUIygI~00016;id10272~0qqQJVFKpbA~00003 0 0 0.3482821583747864 0 0.3483201861381531 0.002648961264640093 0.0021133827976882458
id10271~1gtz-CUIygI~00018;id10271~gO805KoL2RM~00004 1 1 0.650743305683136 1 0.6556997299194336 0.007070425897836685 0.012989540584385395
id10271~37nktPRUJ58~00001;id10271~gO805KoL2RM~00001 1 1 0.7021521329879761 1 0.702070951461792 0.005730210803449154 0.016305530443787575
id10271~37nktPRUJ58~00003;id10271~gO805KoL2RM~00001 1 1 0.5539878606796265 1 0.5541857481002808 0.005730210803449154 0.016305530443787575
id10271~EOQXxK1whgU~00001;id10271~gO805KoL2RM~00004 1 1 0.6871626973152161 1 0.6852385997772217 0.007070425897836685 0.012989540584385395
id10271~LjLjQkfhd2o~00008;id10271~gO805KoL2RM~00004 1 1 0.5715343952178955 1 0.5701056122779846 0.007070425897836685 0.012989540584385395
id10271~PMWQqW_ia58~00001;id10271~gO805KoL2RM~00001 1 1 0.5074917674064636 1 0.5071921348571777 0.005730210803449154 0.016305530443787575
id10271~PfcJLmkhGbk~00002;id10271~gO805KoL2RM~00002 1 1 0.7053360342979431 1 0.7063860893249512 0.0062141017988324165 0.013097613118588924
id10271~PfcJLmkhGbk~00003;id10271~gO805KoL2RM~00001 1 1 0.6197630167007446 1 0.6199591159820557 0.005730210803449154 0.016305530443787575
id10271~zWyD72sHVwA~00003;id10271~gO805KoL2RM~00001 1 1 0.7292824983596802 1 0.7285070419311523 0.005730210803449154 0.016305530443787575
id10271~zWyD72sHVwA~00006;id10271~gO805KoL2RM~00004 1 1 0.7758032083511353 1 0.7784518599510193 0.007070425897836685 0.012989540584385395
id10271~_YimahVgI1A~00001;id10303~LKDWhdJQFco~00001 0 0 0.16394563019275665 0 0.1642487645149231 0.01030682772397995 0.02844957262277603
id10272~dkN2DIBrXqQ~00006;id10272~0qqQJVFKpbA~00003 1 1 0.7260491847991943 1 0.7260369658470154 0.002648961264640093 0.0021133827976882458
id10272~dkN2DIBrXqQ~00008;id10294~a4msZPEjhMc~00003 0 0 0.21889495849609375 0 0.21792739629745483 0.0043552340939641 0.02282976172864437
id10272~olePnztkm6U~00010;id10272~0qqQJVFKpbA~00003 1 1 0.6890527606010437 1 0.6892327666282654 0.002648961264640093 0.0021133827976882458
id10272~wb6ligRbbZ4~00005;id10279~IvOQNamNtF4~00003 0 0 0.05897827446460724 0 0.05842423066496849 0.013813827186822891 0.008824816904962063
id10272~wb6ligRbbZ4~00008;id10272~0qqQJVFKpbA~00003 1 1 0.6082450151443481 1 0.6084097027778625 0.002648961264640093 0.0021133827976882458
id10272~wb6ligRbbZ4~00008;id10306~WOjNZFtRwDg~00004 0 0 0.1762433648109436 0 0.17610687017440796 0.0021682227961719036 0.006933370605111122
id10273~8cfyJEV7hP8~00019;id10300~85wn4sW4CgQ~00002 0 0 0.13671523332595825 0 0.13857242465019226 0.0037753989454358816 0.02573738433420658
id10273~8cfyJEV7hP8~00020;id10285~d-ZEojJk-rs~00005 0 0 0.03294821456074715 0 0.03227841109037399 0.006390638183802366 0.01918252557516098
id10273~8fKRoUIpAJY~00004;id10271~gO805KoL2RM~00004 0 0 0.2337169647216797 0 0.23401062190532684 0.007070425897836685 0.012989540584385395
id10273~E50E5hbggyM~00004;id10277~SeXsHJ3fW1c~00005 0 0 0.18045303225517273 0 0.17839668691158295 0.01741933822631836 0.032954223453998566
id10273~E50E5hbggyM~00005;id10286~PlJd6NVoigs~00001 0 0 0.1435859501361847 0 0.1439201533794403 0.014517346397042274 0.03183021396398544
id10273~GRB1GXRafiY~00003;id10273~MqKFZOAwUsg~00003 1 1 0.8032907247543335 1 0.8035441637039185 0.007966014556586742 0.028173796832561493
id10273~OYi3rZSdAOE~00001;id10274~wH6ebv-K8AA~00004 0 0 0.3403014838695526 0 0.3396598696708679 0.006186933722347021 0.011465828865766525
id10273~ZpPPaMazpf0~00003;id10278~fvX1Vtx3sNo~00003 0 0 0.09550866484642029 0 0.0932559072971344 0.006334351375699043 0.030404113233089447
id10273~ZpPPaMazpf0~00007;id10303~LKDWhdJQFco~00001 0 0 0.05834232270717621 0 0.058638498187065125 0.01030682772397995 0.02844957262277603
id10273~eLl_yTeuaKo~00019;id10292~0H91VC07Q3s~00001 0 0 0.2386913001537323 0 0.23864306509494781 0.0034306435845792294 0.009899464435875416
id10273~gHPh9j7lc58~00004;id10280~PQBBKBYGWgU~00002 0 0 0.12070203572511673 0 0.12002971023321152 0.016305774450302124 0.03790518641471863
id10273~gHPh9j7lc58~00009;id10292~0H91VC07Q3s~00001 0 0 0.16400578618049622 0 0.16411694884300232 0.0034306435845792294 0.009899464435875416
id10273~xN2fSTQHHkw~00003;id10274~wH6ebv-K8AA~00004 0 0 0.21068072319030762 0 0.20950503647327423 0.006186933722347021 0.011465828865766525
id10273~xN2fSTQHHkw~00004;id10277~SeXsHJ3fW1c~00005 0 0 0.27100253105163574 0 0.26607969403266907 0.01741933822631836 0.032954223453998566
id10274~7rkVfW2yw0c~00002;id10274~wH6ebv-K8AA~00004 1 1 0.8177496194839478 1 0.816344141960144 0.006186933722347021 0.011465828865766525
id10274~89UnsytX6Y8~00002;id10274~wH6ebv-K8AA~00004 1 1 0.7157416343688965 1 0.7149568200111389 0.006186933722347021 0.011465828865766525
id10274~89UnsytX6Y8~00003;id10299~x3QoGpHxThw~00005 0 0 0.05126902461051941 0 0.05100754648447037 0.003759979270398617 0.017811987549066544
id10274~89UnsytX6Y8~00004;id10274~wH6ebv-K8AA~00004 1 1 0.6970711350440979 1 0.6972863674163818 0.006186933722347021 0.011465828865766525
id10274~89UnsytX6Y8~00007;id10295~nt7dNRvlEHE~00004 0 1 0.4948074519634247 1 0.4958811402320862 0.004943285137414932 0.011903996579349041
id10274~89UnsytX6Y8~00009;id10296~f_k09R8r_cA~00002 0 1 0.5060824751853943 1 0.5119597911834717 0.010492170229554176 0.027586378157138824
id10274~L9q6XabEpEI~00001;id10303~LKDWhdJQFco~00003 0 0 0.13215705752372742 0 0.1311304122209549 0.005636910907924175 0.031661804765462875
id10274~L9q6XabEpEI~00002;id10285~d-ZEojJk-rs~00003 0 0 0.029773738235235214 0 0.029699545353651047 0.007879238575696945 0.028318554162979126
id10274~L9q6XabEpEI~00002;id10274~wH6ebv-K8AA~00004 1 1 0.8596570491790771 1 0.8590223789215088 0.006186933722347021 0.011465828865766525
id10274~L9q6XabEpEI~00006;id10294~a4msZPEjhMc~00002 0 0 0.16904033720493317 0 0.16880923509597778 0.0042393929325044155 0.03205342963337898
id10274~s7vZT3_8Smo~00009;id10274~wH6ebv-K8AA~00004 1 1 0.7135697603225708 1 0.7124471664428711 0.006186933722347021 0.011465828865766525
id10274~O9xLIdaUG-k~00003;id10274~wH6ebv-K8AA~00004 1 1 0.7412407398223877 1 0.7412280440330505 0.006186933722347021 0.011465828865766525
id10274~O9xLIdaUG-k~00003;id10305~t0EX2dOBQjw~00001 0 0 0.26011255383491516 0 0.2599315047264099 0.0030567054636776447 0.003700896631926298
id10274~O9xLIdaUG-k~00005;id10305~t0EX2dOBQjw~00001 0 0 0.2878023386001587 0 0.2875763773918152 0.0030567054636776447 0.003700896631926298
id10275~HK20g60KlTI~00002;id10274~wH6ebv-K8AA~00004 0 0 0.315395325422287 0 0.31638768315315247 0.006186933722347021 0.011465828865766525
id10275~JbpXWB1V8cA~00001;id10274~wH6ebv-K8AA~00004 0 0 0.4690428376197815 0 0.47073474526405334 0.006186933722347021 0.011465828865766525
id10275~LqcUAxrtYOk~00001;id10304~GRv7pEnTwUc~00003 0 0 0.3576681613922119 0 0.35739457607269287 0.008574576117098331 0.01366366632282734
id10275~Mdk1SXywHck~00007;id10277~SeXsHJ3fW1c~00005 0 0 0.33289921283721924 0 0.3255773186683655 0.01741933822631836 0.032954223453998566
id10275~Mdk1SXywHck~00011;id10306~WOjNZFtRwDg~00003 0 0 0.09390373528003693 0 0.09390714764595032 0.0036949494387954473 0.007907460443675518
id10275~UBMwbGlSLLg~00001;id10275~QjrBKqx_Xeo~00001 1 1 0.7986202836036682 1 0.7961288094520569 0.009010651148855686 0.012941097840666771
id10275~vAr7raTthpw~00002;id10275~QjrBKqx_Xeo~00001 1 1 0.7908800840377808 1 0.789649486541748 0.009010651148855686 0.012941097840666771
id10275~vAr7raTthpw~00003;id10305~t0EX2dOBQjw~00003 0 0 0.34169304370880127 0 0.341769278049469 0.0032308418303728104 0.005351941101253033
id10276~3vWez3baO60~00001;id10276~aaJo0S1lnhY~00003 1 1 0.7420771718025208 1 0.74122154712677 0.010654444806277752 0.03549528867006302
id10276~5WOZXLMujwY~00001;id10284~YN4cTBWM-QE~00001 0 0 0.22349821031093597 0 0.22435401380062103 0.0063006095588207245 0.01574394665658474
id10276~5WOZXLMujwY~00003;id10276~aaJo0S1lnhY~00003 1 1 0.8849794864654541 1 0.8854174017906189 0.010654444806277752 0.03549528867006302
id10276~5YncBThNd5E~00002;id10295~nt7dNRvlEHE~00002 0 0 0.13430452346801758 0 0.13437864184379578 0.006107283290475607 0.019278159365057945
id10276~5YncBThNd5E~00026;id10286~PlJd6NVoigs~00003 0 0 0.029389597475528717 0 0.029277481138706207 0.024690652266144753 0.03528514504432678
id10276~AeZoMAJ4Ejs~00002;id10276~aaJo0S1lnhY~00005 1 1 0.749437153339386 1 0.7487510442733765 0.008020400069653988 0.016309717670083046
id10276~AeZoMAJ4Ejs~00006;id10284~YN4cTBWM-QE~00005 0 0 0.09636883437633514 0 0.09584371000528336 0.007035982795059681 0.016055429354310036
id10276~AeZoMAJ4Ejs~00011;id10276~aaJo0S1lnhY~00005 1 1 0.8361992835998535 1 0.834725558757782 0.008020400069653988 0.016309717670083046
id10276~AeZoMAJ4Ejs~00016;id10295~nt7dNRvlEHE~00002 0 0 0.15032140910625458 0 0.15012791752815247 0.006107283290475607 0.019278159365057945
id10276~CooJzMgoxzw~00003;id10276~aaJo0S1lnhY~00004 1 1 0.48785674571990967 1 0.48896098136901855 0.01150895282626152 0.030323613435029984
id10276~FDhJhEu0JUM~00013;id10292~0H91VC07Q3s~00002 0 0 0.26393812894821167 0 0.2647138237953186 0.0035425559617578983 0.015204496681690216
id10276~HrA2BLcLApA~00013;id10270~x6uYqmx31kE~00004 0 0 0.04993979632854462 0 0.04953569546341896 0.010873123072087765 0.02576807141304016