filename acc loss adv_acc adv_loss nsr aer
right_8fe52b97_nohash_0 1.0 4.768370445162873e-07 1.0 2.9802276912960224e-06 0.0063143582083284855 1.1299920082092285
right_d9e9f554_nohash_1 1.0 8.344646857949556e-07 1.0 0.6514595746994019 0.014188212342560291 1.2585780620574951
right_c9b5ff26_nohash_2 1.0 0.0013052048161625862 1.0 0.013400723226368427 0.0037694554775953293 1.1145411729812622
right_cfbedff9_nohash_0 1.0 1.1920928244535389e-07 0.0 1.0292658805847168 0.0061074853874742985 1.1376760005950928
right_1b4c9b89_nohash_2 1.0 2.3841855067985307e-07 1.0 0.7909093499183655 0.005935469642281532 0.8931560516357422
right_5f01c798_nohash_0 1.0 0.002745432546362281 0.0 1.799912452697754 0.015410766936838627 1.2139878273010254
right_1f653d27_nohash_0 1.0 3.909988299710676e-05 0.0 1.0399997234344482 0.02443300373852253 1.338045597076416
right_e41a903b_nohash_0 1.0 8.237022848334163e-05 1.0 0.3544168472290039 0.004446608480066061 1.447562575340271
right_9a7c1f83_nohash_3 1.0 0.01088950876146555 1.0 0.37695056200027466 0.004054984077811241 0.9975599050521851
_silence__3911 1.0 0.01540406048297882 1.0 0.03731851279735565 0.0456242598593235 0.8349795341491699
_silence__3885 1.0 3.135155202471651e-05 1.0 0.0 0.02507909946143627 0.8107619285583496
_silence__2794 1.0 0.00044252615771256387 1.0 0.002410484477877617 0.0027518535498529673 0.30842286348342896
_silence__737 1.0 0.00030727434204891324 1.0 0.00019727191829588264 0.002245930954813957 0.06961249560117722
_silence__4698 1.0 0.0004037995240651071 1.0 6.83045873302035e-05 0.0024478931445628405 0.18055859208106995
_silence__1177 1.0 5.602820692729438e-06 1.0 4.172316494077677e-06 0.012191424146294594 0.2924264371395111
_silence__2711 1.0 0.0009652484441176057 1.0 0.024916909635066986 0.015317525714635849 0.6776276230812073
_silence__1245 1.0 0.00011646069469861686 1.0 8.77341881277971e-05 0.001749533461406827 0.05418993532657623
_silence__2321 1.0 0.0003407612966839224 1.0 0.0009825170272961259 0.0021296301856637 0.18873846530914307
_silence__58 1.0 0.0008459088858217001 1.0 0.0008417400531470776 0.001824721577577293 0.06425169855356216
_silence__2603 1.0 0.00016985881666187197 1.0 0.0006023023161105812 0.029000939801335335 0.3633304238319397
_silence__1775 1.0 4.529942543740617e-06 1.0 1.9550132492440753e-05 0.006985869258642197 0.24343499541282654
stop_f292725f_nohash_0 1.0 1.1920928244535389e-07 0.0 8.939042091369629 0.021322764456272125 1.4848746061325073
stop_c9b5ff26_nohash_3 1.0 8.344646857949556e-07 1.0 0.08110922574996948 0.004755124915391207 1.1854925155639648
stop_c22d3f18_nohash_1 1.0 2.264974000354414e-06 1.0 5.006777428206988e-06 0.0031686953734606504 0.9631239771842957
stop_1acc97de_nohash_0 1.0 4.887569048150908e-06 1.0 0.10956631600856781 0.0038046040572226048 1.0964124202728271
stop_ea356919_nohash_0 1.0 0.0 0.0 2.5929553508758545 0.019091375172138214 1.405320405960083
stop_893705bb_nohash_0 1.0 0.008779260329902172 1.0 0.2263946831226349 0.026512783020734787 1.4134918451309204
stop_ef2a3cfb_nohash_0 1.0 4.768370445162873e-07 1.0 0.0029996896628290415 0.0033344156108796597 1.04580557346344
stop_aa80f517_nohash_2 1.0 0.00024732868769206107 0.0 1.9391402006149292 0.0049552409909665585 1.4485392570495605
stop_8769c34c_nohash_0 1.0 9.524368942948058e-05 1.0 0.7536979913711548 0.008877390995621681 1.4703991413116455
stop_5eb5fc74_nohash_0 1.0 1.7881377516459906e-06 1.0 0.621300220489502 0.013675244525074959 1.4651389122009277
stop_105a0eea_nohash_0 1.0 1.1920928244535389e-07 1.0 0.4687668979167938 0.013602969236671925 1.429775595664978
stop_94de6a6a_nohash_2 1.0 0.0007709868368692696 0.0 3.7574574947357178 0.00391678512096405 0.8539260625839233
go_6b889021_nohash_0 1.0 0.027728917077183723 1.0 0.00040070133400149643 0.017973734065890312 1.7138315439224243
go_63f7a489_nohash_1 1.0 2.1934269170742482e-05 0.0 2.307746171951294 0.003888310631737113 0.8564255237579346
go_e49428d9_nohash_0 1.0 0.0004769618099089712 0.0 6.08933687210083 0.02123187854886055 1.7989481687545776
go_6b889021_nohash_1 1.0 0.18171821534633636 1.0 0.00010525626566959545 0.01525882724672556 1.7596489191055298
go_d5ca80c6_nohash_0 1.0 0.00013982271775603294 1.0 0.02999095991253853 0.006522500421851873 1.0277506113052368
go_4fd1443e_nohash_1 1.0 8.4638240878121e-06 1.0 0.050539035350084305 0.0030661870259791613 1.4212507009506226
go_ca4d5368_nohash_2 1.0 0.0024109601508826017 0.0 2.0904757976531982 0.003491327865049243 1.3041658401489258
go_aa80f517_nohash_2 1.0 0.02336202748119831 1.0 0.07336066663265228 0.004851092584431171 1.1332910060882568
go_4fd1443e_nohash_2 1.0 1.1324817933200393e-05 1.0 0.3627817630767822 0.006108513101935387 1.4144713878631592
go_62ff07ef_nohash_0 1.0 0.0061293961480259895 0.0 5.742865562438965 0.025138458237051964 1.9555853605270386
off_9e2ce5e3_nohash_1 1.0 0.0006432848167605698 1.0 0.015148711390793324 0.009795835241675377 0.721642017364502
off_0cb74144_nohash_4 1.0 0.0006822404102422297 0.0 5.845301628112793 0.009631126187741756 1.3636114597320557
off_8fe52b97_nohash_0 1.0 2.145764938177308e-06 1.0 0.015649721026420593 0.007193409837782383 0.9302515983581543
off_caedb73a_nohash_0 1.0 0.0004797023138962686 0.0 2.4864015579223633 0.0038816204760223627 1.4207267761230469
off_67961766_nohash_0 1.0 1.585470999998506e-05 0.0 1.9815614223480225 0.02232745848596096 1.6008360385894775
off_4c6167ca_nohash_5 1.0 0.00015162272029556334 1.0 0.0005855038180015981 0.006343109533190727 1.1528276205062866
off_6736bc64_nohash_0 1.0 4.994744449504651e-05 1.0 0.1530860811471939 0.007023833692073822 1.106113314628601
off_9dc1889e_nohash_0 1.0 0.00010764019680209458 0.0 1.9555652141571045 0.0151828583329916 1.4705085754394531
off_5e3dde6b_nohash_2 1.0 0.001980725908651948 0.0 2.7302889823913574 0.0036225817166268826 0.9037334322929382
off_d962e5ac_nohash_2 1.0 0.26625287532806396 1.0 0.1445857137441635 0.004698578733950853 0.9955752491950989
off_4845bb10_nohash_1 1.0 1.4185804502631072e-05 0.0 1.848684310913086 0.01171906292438507 1.2647801637649536
off_f297e878_nohash_0 1.0 0.005875577684491873 0.0 10.884075164794922 0.005770755931735039 1.0813441276550293
off_bfd26d6b_nohash_1 1.0 0.0011066034203395247 0.0 2.2463226318359375 0.0035996262449771166 1.3701870441436768
no_893705bb_nohash_8 1.0 0.6265513300895691 0.0 9.401175498962402 0.008627612143754959 1.2232881784439087
no_a6f2fd71_nohash_4 1.0 5.769562994828448e-05 1.0 0.21786977350711823 0.00332404812797904 1.1191073656082153
no_27c30960_nohash_0 1.0 0.08600480109453201 0.0 5.665154457092285 0.01992683671414852 1.336159348487854
no_03401e93_nohash_0 1.0 0.0003066784702241421 0.0 6.189632892608643 0.014961494132876396 1.52183997631073
no_563aa4e6_nohash_2 1.0 0.025334833189845085 0.0 2.2213213443756104 0.006180756259709597 1.4781112670898438
no_dc75148d_nohash_0 1.0 0.0010413468116894364 1.0 0.2320825159549713 0.02677941881120205 1.4522883892059326
no_7bae88ed_nohash_0 1.0 2.622600959512056e-06 0.0 1.289350986480713 0.006030069664120674 0.9052565693855286
no_f9643d42_nohash_2 1.0 0.00025054652360267937 0.0 3.6638269424438477 0.007783214561641216 1.4022146463394165
yes_aa48c94a_nohash_0 1.0 0.000731558189727366 0.0 5.364528179168701 0.015165488235652447 1.6660406589508057
yes_4fd1443e_nohash_4 1.0 1.5735502529423684e-05 1.0 2.1576648578047752e-05 0.007209143601357937 1.390234112739563
yes_c22d3f18_nohash_4 1.0 1.1920928244535389e-07 1.0 0.0008416209602728486 0.005695647560060024 0.8665121793746948
yes_8fe67225_nohash_3 1.0 1.549708758830093e-05 1.0 0.13928601145744324 0.006847822107374668 0.9772282242774963
yes_aa80f517_nohash_0 1.0 5.578839045483619e-05 1.0 0.6767029166221619 0.007643385324627161 1.2981641292572021
yes_68dd409e_nohash_0 1.0 2.145764938177308e-06 0.0 0.8707506060600281 0.011377654038369656 1.2976338863372803
yes_1b4c9b89_nohash_4 1.0 2.50339189733495e-06 1.0 0.013456592336297035 0.003886618884280324 0.8073944449424744
_unknown__cat_4620dc14_nohash_0.wav 1.0 0.02954268641769886 0.0 8.13221549987793 0.005107923876494169 1.2477140426635742
_unknown__six_f428ca69_nohash_0.wav 1.0 0.0022640805691480637 1.0 0.00026294111739844084 0.007889986969530582 1.066409945487976
_unknown__house_e1469561_nohash_0.wav 1.0 0.12504753470420837 0.0 6.061049461364746 0.003571811132133007 1.1446621417999268
_unknown__follow_b7e9f841_nohash_2.wav 1.0 0.42144542932510376 0.0 2.946441888809204 0.009745046496391296 0.9717958569526672
_unknown__bird_e71b4ce6_nohash_0.wav 1.0 0.0007707485929131508 1.0 0.0734197124838829 0.0058128684759140015 1.1406301259994507
_unknown__cat_83957201_nohash_0.wav 1.0 0.007436924614012241 0.0 2.247885227203369 0.014808247797191143 0.891435980796814
_unknown__bed_837a0f64_nohash_0.wav 1.0 0.0066784038208425045 0.0 2.449153423309326 0.005983890499919653 1.3102715015411377
_unknown__eight_f292725f_nohash_0.wav 1.0 0.4952755570411682 0.0 2.2363831996917725 0.012815413996577263 1.5230926275253296
_unknown__sheila_d9e9f554_nohash_0.wav 1.0 0.00040534863364882767 0.0 2.487454652786255 0.004938867408782244 1.250977635383606
on_c22d3f18_nohash_0 1.0 1.4305104514278355e-06 1.0 0.0044390237890183926 0.0030911008361727 0.8796895146369934
on_a6f2fd71_nohash_3 1.0 6.0794889577664435e-05 1.0 0.03389609605073929 0.0037498055025935173 1.1849164962768555
on_03401e93_nohash_0 1.0 0.0014054430648684502 1.0 0.030503900721669197 0.011908583343029022 1.241313099861145
on_91b03183_nohash_0 1.0 0.12278102338314056 0.0 1.011303424835205 0.003971324302256107 0.7822448015213013
on_692a88e6_nohash_0 1.0 1.9192511899746023e-05 0.0 3.0899386405944824 0.004359242040663958 1.1354924440383911
on_2c6d3924_nohash_0 1.0 8.344646857949556e-07 1.0 0.016826249659061432 0.0030183803755789995 1.0957238674163818
on_d9e9f554_nohash_3 1.0 1.4424220353248529e-05 1.0 1.226256012916565 0.007154609076678753 1.2171281576156616
on_5c8af87a_nohash_2 1.0 0.0023843212984502316 1.0 0.008022111840546131 0.019004754722118378 1.2983418703079224
down_475b61f1_nohash_0 1.0 0.940616250038147 0.0 8.209674835205078 0.004048864357173443 1.5348511934280396
down_8fe52b97_nohash_0 1.0 5.960462772236497e-07 1.0 0.01768088899552822 0.006168779451400042 1.1725318431854248
down_189cbabe_nohash_0 1.0 0.0 1.0 0.003864441066980362 0.003730559488758445 1.2405850887298584
down_a7216980_nohash_2 1.0 1.811964830267243e-05 1.0 0.2912408709526062 0.0020784218795597553 0.8688309192657471
down_fdb5155e_nohash_0 1.0 0.2518468499183655 0.0 6.6342854499816895 0.00926425401121378 1.478170394897461
down_87070229_nohash_2 1.0 3.933898824470816e-06 0.0 2.0183372497558594 0.005390431731939316 1.220784068107605
down_d962e5ac_nohash_2 1.0 0.004153079353272915 0.0 3.506622314453125 0.0031401547603309155 1.1737843751907349
down_82b99576_nohash_0 1.0 0.0013874676078557968 0.0 3.474170207977295 0.0056236800737679005 0.8516214489936829
down_4290ca61_nohash_0 1.0 2.5748875486897305e-05 1.0 1.1920928244535389e-07 0.002259821631014347 0.8023963570594788
down_18f8afd5_nohash_3 1.0 2.0861407392658293e-05 1.0 3.3378546504536644e-06 0.007277530152350664 1.074269413948059
down_964e8cfd_nohash_1 1.0 0.0034730848856270313 1.0 0.6786118745803833 0.005084401927888393 1.2583789825439453
left_cfbedff9_nohash_3 1.0 7.152555099310121e-07 1.0 0.055792536586523056 0.007351947017014027 1.2526283264160156